0 0.253661 0.444699 0.290986 0.444699 0.320098 0.430873 0.352197 0.435482 0.376831 0.418584 0.401465 0.404759 0.423859 0.43241 0.460437 0.43241 0.497014 0.417048 0.547775 0.395542 0.58062 0.46006 0.611226 0.512289 0.641831 0.572199 0.656761 0.630572 0.662733 0.70738 0.661986 0.802621 0.680648 0.796476 0.687367 0.864066 0.68662 0.908615 0.693338 0.98235 0.705282 0.98235 0.711254 0.923976 0.712 0.824127 0.710507 0.747319 0.706029 0.672048 0.691845 0.598313 0.67393 0.53994 0.656761 0.483102 0.623169 0.395542 0.607493 0.346385 0.59331 0.298765 0.601521 0.28494 0.613465 0.311054 0.638099 0.309518 0.653028 0.281867 0.664972 0.261897 0.697071 0.255753 0.726184 0.257289 0.744099 0.263434 0.774705 0.245 0.803071 0.226566 0.836663 0.200452 0.864282 0.180482 0.887423 0.188162 0.909071 0.206596 0.938184 0.201988 0.959085 0.183554 0.986705 0.172801 0.973269 0.148223 0.930719 0.140542 0.887423 0.140542 0.844874 0.13747 0.809789 0.13747 0.778437 0.148223 0.727677 0.16512 0.703789 0.175873 0.681395 0.166656 0.680648 0.114427 0.661986 0.05759 0.638845 0.033012 0.609733 0.034548 0.590324 0.069879 0.586592 0.111355 0.564944 0.132861 0.545535 0.120572 0.521648 0.128253 0.491042 0.148223 0.46193 0.171265 0.436549 0.20506 0.405943 0.217349 0.373098 0.212741 0.346972 0.20506 0.323084 0.18509 0.299197 0.191235 0.279788 0.209668 0.265605 0.234247 0.232014 0.243464 0.206633 0.261897 0.19469 0.26497 0.178267 0.237319 0.157366 0.20506 0.128999 0.178946 0.109591 0.166656 0.07376 0.16512 0.039422 0.178946 0.03345 0.209668 0.03121 0.228102 0.056591 0.203524 0.079732 0.212741 0.107351 0.248072 0.134225 0.288012 0.146915 0.326416 0.158112 0.347922 0.16483 0.361747 0.143182 0.389398 0.116309 0.42012 0.083464 0.447771 0.067788 0.429337 0.048379 0.437018 0.038675 0.476958 0.025239 0.518434 0.002098 0.536867 0.001351 0.584488 0.025985 0.562982 0.058084 0.536867 0.089436 0.515361 0.112577 0.490783 0.141689 0.464669 0.178267 0.447771 0.212605 0.426265 0.239478 0.437018
8 0.66124 0.060662 0.638845 0.033012 0.608986 0.036084 0.590324 0.068343 0.586592 0.114427 0.581366 0.158976 0.585099 0.194307 0.588831 0.238855 0.588831 0.277259 0.609733 0.29262 0.634366 0.303373 0.654521 0.271114 0.670198 0.243464 0.676916 0.22503 0.676169 0.201988 0.683634 0.171265 0.681395 0.1175
10 0.511197 0.208132 0.509704 0.255753 0.514183 0.318735 0.534338 0.344849 0.553747 0.398614 0.579127 0.437018 0.598535 0.467741 0.621676 0.507681 0.635859 0.552229 0.64631 0.586024 0.679155 0.573735 0.659 0.5 0.640338 0.455452 0.619437 0.39247 0.603761 0.350994 0.583606 0.280331 0.57838 0.241928 0.57838 0.169729 0.558225 0.131325 0.526873 0.158976
2 0.650789 0.601386 0.665719 0.662831 0.667958 0.741175 0.664972 0.781115 0.685874 0.802621 0.690352 0.868675 0.691845 0.951627 0.700803 0.973133 0.709761 0.923976 0.709014 0.848705 0.707522 0.759609 0.69931 0.652078 0.679155 0.569127
5 0.670198 0.257289 0.700803 0.252681 0.726184 0.252681 0.743353 0.263434 0.772465 0.241928 0.800085 0.214277 0.830691 0.200452 0.865029 0.178946 0.853085 0.140542 0.82248 0.14515 0.788888 0.152831 0.755296 0.160512 0.718719 0.169729 0.700057 0.177409 0.680648 0.169729 0.676916 0.212741
4 0.870254 0.183554 0.894142 0.197379 0.911311 0.189699 0.932959 0.186626 0.962818 0.180482 0.982973 0.168193 0.954607 0.148223 0.921015 0.146687 0.894142 0.139006 0.865029 0.142078 0.852339 0.142078
7 0.364887 0.217349 0.370859 0.275723 0.367873 0.364819 0.367873 0.390934 0.333535 0.415512 0.293971 0.421657 0.257394 0.427801 0.243957 0.370964 0.244704 0.294157 0.251422 0.241928 0.264859 0.238855 0.278295 0.20506 0.302929 0.189699 0.323831 0.183554 0.35369 0.209668
1 0.242464 0.409367 0.211859 0.403223 0.178267 0.378645 0.155873 0.338705 0.140943 0.295693 0.12452 0.26497 0.103619 0.241928 0.131239 0.175873 0.155873 0.208132 0.180506 0.249608 0.201408 0.261897 0.22007 0.257289 0.235746 0.238855 0.256647 0.241928 0.244704 0.309518 0.249183 0.380181
3 0.253661 0.441626 0.201408 0.427801 0.172295 0.449307 0.133478 0.481566 0.089436 0.515361 0.084957 0.455452 0.117802 0.424729 0.141689 0.394006 0.16707 0.363283 0.180506 0.390934 0.211112 0.409367 0.251422 0.41244
9 0.081971 0.501536 0.048379 0.536867 0.002098 0.584488 0.002844 0.532259 0.023746 0.516898 0.036436 0.472349 0.046886 0.44009 0.072267 0.427801 0.08645 0.450843
6 0.120788 0.186626 0.095408 0.166656 0.065548 0.166656 0.039422 0.182018 0.034943 0.229638 0.055844 0.20506 0.078985 0.214277 0.106605 0.243464