0 0.297862 0.483409 0.339599 0.479722 0.373971 0.4576 0.400977 0.433634 0.425528 0.418887 0.479541 0.411513 0.527006 0.42073 0.558923 0.42626 0.587566 0.42626 0.619482 0.422574 0.64567 0.413356 0.666948 0.498157 0.683315 0.612453 0.707048 0.717532 0.726689 0.783897 0.718505 0.835515 0.719323 0.907411 0.735691 0.900037 0.741419 0.947968 0.759845 0.989474 0.765971 0.936907 0.770062 0.855793 0.759424 0.758088 0.745511 0.689879 0.738964 0.630888 0.733236 0.575583 0.720142 0.529496 0.710321 0.487096 0.703774 0.453913 0.696409 0.389391 0.697227 0.352521 0.726689 0.332243 0.754513 0.313808 0.773336 0.265877 0.783975 0.214259 0.792158 0.181077 0.828167 0.184764 0.85681 0.17739 0.876451 0.190294 0.922279 0.203198 0.955014 0.184764 0.973018 0.190294 0.959924 0.157111 0.925553 0.134989 0.889544 0.122085 0.865812 0.116555 0.835532 0.120241 0.814254 0.123928 0.789703 0.112868 0.779883 0.070467 0.758605 0.048345 0.732417 0.037285 0.693136 0.052032 0.662037 0.129459 0.642397 0.127615 0.60557 0.131302 0.582655 0.138676 0.556468 0.158955 0.53028 0.201355 0.504092 0.22532 0.482814 0.216103 0.456626 0.197668 0.428802 0.205042 0.409979 0.199511 0.386246 0.229007 0.360877 0.240068 0.339599 0.232694 0.306864 0.22532 0.281495 0.22532 0.252852 0.197668 0.232393 0.181077 0.209478 0.153424 0.175107 0.155268 0.144827 0.155268 0.117002 0.144207 0.085086 0.094433 0.061353 0.10365 0.031074 0.129459 0.010614 0.158955 0.039257 0.170016 0.064627 0.171859 0.108819 0.210572 0.150556 0.249286 0.202931 0.295373 0.235666 0.317495 0.28395 0.352521 0.298681 0.391234 0.276585 0.394921 0.25367 0.402295 0.227483 0.413356 0.20375 0.459443 0.180835 0.496313 0.152192 0.503687 0.122731 0.483409 0.092451 0.488939 0.104727 0.623514 0.145645 0.603235 0.181654 0.582957 0.19884 0.562679 0.240576 0.525809
8 0.759424 0.050189 0.723415 0.042815 0.689044 0.06678 0.666948 0.125772 0.658764 0.158955 0.656309 0.217946 0.668584 0.249286 0.680042 0.278781 0.693954 0.321182 0.729144 0.291686 0.747966 0.258503 0.772517 0.206885 0.78152 0.134989 0.780701 0.075998
10 0.671039 0.254816 0.639123 0.286155 0.637486 0.34146 0.648125 0.418887 0.668584 0.512904 0.691499 0.638262 0.716868 0.708314 0.734054 0.787584 0.761879 0.767306 0.745511 0.69541 0.734054 0.632731 0.729144 0.57927 0.713595 0.529496 0.699682 0.477878 0.694772 0.422574 0.700501 0.354364 0.687407 0.289842
2 0.738146 0.807862 0.741419 0.85395 0.738146 0.883445 0.739783 0.931376 0.753695 0.986681 0.762697 0.944281 0.769244 0.885289 0.769244 0.824454 0.757787 0.763619 0.729962 0.77468
5 0.785611 0.190294 0.817528 0.184764 0.851081 0.17739 0.865812 0.179233 0.869085 0.122085 0.840442 0.134989 0.82162 0.129459 0.783156 0.120241 0.782338 0.142363
4 0.869904 0.17739 0.905094 0.186607 0.932918 0.186607 0.950104 0.17739 0.970563 0.179233 0.948467 0.153424 0.913277 0.133146 0.896091 0.125772 0.86663 0.118398
7 0.505729 0.232694 0.513094 0.321182 0.504092 0.4152 0.477086 0.394921 0.450898 0.402295 0.412434 0.42073 0.396885 0.350677 0.392793 0.276938 0.397704 0.229007 0.410798 0.201355 0.431257 0.195824 0.454171 0.192138 0.478722 0.217946
1 0.391157 0.227164 0.363332 0.236381 0.334689 0.232694 0.301954 0.21979 0.281495 0.214259 0.24876 0.188451 0.220936 0.155268 0.183291 0.142363 0.122731 0.14605 0.107182 0.206885 0.145645 0.227164 0.16856 0.252973 0.207842 0.297216 0.246305 0.326712 0.271675 0.345147 0.310956 0.361738 0.350238 0.374643 0.396885 0.358051 0.387883 0.287999
6 0.121094 0.14605 0.099817 0.123928 0.080176 0.099963 0.067082 0.116555 0.043349 0.142363 0.022071 0.151581 0.057261 0.164485 0.073629 0.171859 0.110456 0.210572
3 0.414889 0.424417 0.376426 0.452069 0.350238 0.466817 0.312593 0.474191 0.28886 0.483409 0.247123 0.509217 0.201295 0.546087 0.171833 0.568209 0.166105 0.501843 0.192293 0.476035 0.217662 0.442852 0.23894 0.404139 0.267583 0.407826 0.31423 0.385704 0.35924 0.376486 0.401796 0.359895
9 0.16365 0.514748 0.135825 0.507374 0.105545 0.496313 0.095725 0.516591 0.085086 0.564522 0.074447 0.61614 0.101453 0.636418 0.130915 0.614296 0.164468 0.586644 0.165286 0.533183