0 0.451036 0.502067 0.481168 0.524804 0.511299 0.570277 0.560264 0.603348 0.587382 0.611616 0.616761 0.632286 0.650659 0.624018 0.689077 0.638487 0.715443 0.686027 0.741055 0.758371 0.747081 0.79351 0.70113 0.789376 0.690584 0.834849 0.664972 0.832782 0.652919 0.758371 0.62806 0.727367 0.589642 0.791443 0.56403 0.830715 0.518079 0.886523 0.478154 0.880322 0.44049 0.925796 0.416384 0.917528 0.377966 0.919595 0.329755 0.890657 0.283804 0.849318 0.247646 0.890657 0.216008 0.86172 0.183616 0.803845 0.160264 0.750103 0.112806 0.758371 0.073635 0.739768 0.046516 0.686027 0.02919 0.628152 0.046516 0.582679 0.081921 0.566143 0.121092 0.537205 0.149718 0.557875 0.174576 0.557875 0.200942 0.52067 0.233333 0.5 0.265725 0.518603 0.287571 0.537205 0.308663 0.574411 0.331262 0.578545 0.346328 0.564076 0.362147 0.531005 0.387759 0.5 0.423164 0.493799
0 0.498493 0.493799 0.535405 0.468995 0.567797 0.483464 0.602448 0.477263 0.63258 0.491732 0.651412 0.516536 0.677778 0.516536 0.698117 0.497933 0.721469 0.497933 0.753107 0.481397 0.777966 0.442125 0.802825 0.388384 0.827684 0.347044 0.859322 0.330508 0.884181 0.293303 0.906026 0.24783 0.920339 0.192021 0.941431 0.13828 0.965537 0.088673 0.982109 0.045267 0.946704 0.047334 0.922599 0.063869 0.893974 0.076271 0.863842 0.086606 0.82467 0.134146 0.773446 0.183754 0.732768 0.262298 0.700377 0.299504 0.670998 0.309839 0.642373 0.326375 0.608475 0.347044 0.573823 0.361513 0.535405 0.373915 0.50452 0.378049 0.469868 0.392518 0.459322 0.419388 0.467608 0.456594 0.488701 0.458661
10 0.409605 0.634353 0.448023 0.644688 0.491714 0.638487 0.524859 0.675692 0.577589 0.698429 0.63032 0.723233 0.629567 0.642621 0.593409 0.628152 0.555744 0.607482 0.514313 0.559942 0.463089 0.495866 0.425424 0.483464 0.377966 0.508268 0.35838 0.58888 0.379473 0.640554
2 0.633333 0.714965 0.658192 0.745969 0.664972 0.799711 0.680791 0.82038 0.695104 0.814179 0.70565 0.781108 0.725989 0.791443 0.733522 0.774907 0.732768 0.760438 0.712429 0.686027 0.683804 0.642621 0.648399 0.619884 0.62354 0.642621
5 0.626554 0.750103 0.585876 0.799711 0.548964 0.838983 0.521846 0.874122 0.484181 0.876189 0.512806 0.834849 0.536158 0.770773 0.541431 0.737702 0.56403 0.712898 0.583616 0.70463 0.618267 0.714965
8 0.532392 0.688094 0.496234 0.642621 0.456309 0.632286 0.43145 0.677759 0.410358 0.7253 0.402825 0.776974 0.399058 0.816246 0.402072 0.855519 0.412618 0.898925 0.441996 0.90926 0.481168 0.869988 0.524105 0.803845 0.542185 0.741835
7 0.314689 0.593014 0.319209 0.65709 0.313936 0.774907 0.284557 0.855519 0.255932 0.886523 0.23032 0.865854 0.199435 0.82038 0.194162 0.712898 0.201695 0.607482 0.198682 0.524804 0.231827 0.491732 0.264972 0.510335 0.29435 0.549607
1 0.200188 0.524804 0.163277 0.551674 0.118832 0.553741 0.070621 0.586813 0.087194 0.628152 0.120339 0.63642 0.15951 0.655023 0.190395 0.677759 0.199435 0.611616
6 0.068362 0.584746 0.051789 0.599215 0.03145 0.63642 0.048023 0.669492 0.085687 0.63642
3 0.189642 0.669492 0.154237 0.659157 0.10904 0.650889 0.082674 0.650889 0.051789 0.686027 0.084934 0.748036 0.122599 0.750103 0.16855 0.754237 0.194162 0.807979 0.189642 0.733568
7 0.673258 0.332575 0.63936 0.332575 0.608475 0.359446 0.606968 0.425589 0.610734 0.487598 0.634087 0.487598 0.649153 0.522737 0.674011 0.526871 0.692844 0.52067 0.680791 0.468995 0.680791 0.390451
8 0.856309 0.198222 0.832957 0.210624 0.807345 0.266432 0.792279 0.291236 0.785499 0.365647 0.817137 0.375982 0.845763 0.347044 0.873635 0.29537 0.869115 0.241629
10 0.802072 0.256098 0.828437 0.218892 0.870621 0.173419 0.90452 0.134146 0.915819 0.07007 0.887194 0.072137 0.863842 0.09074 0.821657 0.121745 0.77646 0.194088 0.755367 0.249897 0.76742 0.293303
5 0.868362 0.192021 0.89322 0.15895 0.918832 0.121745 0.942185 0.096941 0.945951 0.117611 0.925612 0.185821 0.907533 0.22716 0.890207 0.258165 0.872881 0.280901
2 0.923352 0.068003 0.945198 0.055601 0.978343 0.053535 0.967043 0.101075 0.954237 0.11141 0.931638 0.096941 0.907533 0.107276
1 0.605461 0.36358 0.57081 0.378049 0.530885 0.380116 0.503013 0.388384 0.498493 0.454527 0.526365 0.468995 0.55951 0.468995 0.591902 0.483464 0.610734 0.485531 0.603955 0.427656
2 0.492467 0.386317 0.459322 0.388384 0.454049 0.446259 0.478154 0.468995 0.49774 0.454527 0.503013 0.380116