0 0.35912 0.431917 0.382188 0.453704 0.42091 0.464597 0.448921 0.448257 0.469517 0.437364 0.490938 0.423747 0.519773 0.437364 0.554375 0.456427 0.579914 0.48366 0.588977 0.568083 0.598863 0.649782 0.609573 0.698802 0.617812 0.747821 0.608749 0.796841 0.606278 0.856754 0.610397 0.922113 0.60463 0.965686 0.612045 0.95207 0.61946 0.883987 0.627698 0.840414 0.637584 0.785948 0.640056 0.720588 0.635937 0.657952 0.633465 0.598039 0.633465 0.513617 0.635937 0.464597 0.640056 0.437364 0.660652 0.404684 0.677954 0.382898 0.702669 0.363834 0.726561 0.336601 0.736448 0.303922 0.754572 0.317538 0.78176 0.303922 0.811419 0.295752 0.836134 0.284858 0.860026 0.279412 0.888861 0.276688 0.910282 0.252179 0.932526 0.233115 0.951475 0.224946 0.972895 0.219499 0.985253 0.192266 0.978662 0.175926 0.973719 0.173203 0.953946 0.167756 0.930878 0.167756 0.919344 0.165033 0.880623 0.178649 0.858379 0.173203 0.836134 0.173203 0.822129 0.184096 0.804828 0.189542 0.795765 0.178649 0.798237 0.1378 0.796589 0.066993 0.778464 0.053377 0.762811 0.045207 0.739743 0.03976 0.723266 0.04793 0.705965 0.050654 0.675482 0.061547 0.649942 0.053377 0.631817 0.069717 0.611221 0.08878 0.588153 0.12146 0.567556 0.148693 0.547784 0.156863 0.530483 0.148693 0.512358 0.12963 0.502472 0.11329 0.490938 0.08878 0.47858 0.07244 0.462102 0.069717 0.443154 0.083333 0.430796 0.09695 0.411847 0.110566 0.383836 0.12146 0.360768 0.1378 0.340995 0.145969 0.318751 0.154139 0.287444 0.173203 0.268496 0.173203 0.242132 0.148693 0.223183 0.148693 0.203411 0.159586 0.190229 0.165033 0.158099 0.154139 0.132559 0.145969 0.117729 0.12963 0.111962 0.110566 0.097133 0.116013 0.089718 0.12963 0.07736 0.143246 0.056764 0.148693 0.040287 0.154139 0.024633 0.167756 0.033696 0.192266 0.047701 0.200436 0.064179 0.235839 0.059235 0.265795 0.046054 0.295752 0.0304 0.312092 0.022986 0.339325 0.015571 0.355664 0.010628 0.377451 0.01969 0.382898 0.037815 0.385621 0.056764 0.369281 0.075713 0.342048 0.088071 0.336601 0.105372 0.320261 0.125144 0.301198 0.144917 0.295752 0.170456 0.287582 0.200939 0.290305 0.223183 0.295752 0.257785 0.322985 0.289916 0.355664 0.313808 0.361111 0.330285 0.391068
8 0.799885 0.132353 0.798237 0.077887 0.780936 0.0561 0.757044 0.03976 0.7348 0.053377 0.717499 0.102397 0.704317 0.159586 0.707612 0.219499 0.733152 0.252179 0.769402 0.222222 0.794942 0.175926
10 0.704317 0.124183 0.697726 0.08061 0.67713 0.058824 0.649942 0.07244 0.631817 0.12963 0.607102 0.200436 0.59392 0.271242 0.577443 0.328431 0.574147 0.429194 0.587329 0.529956 0.600511 0.660675 0.616164 0.758715 0.642528 0.728758 0.633465 0.660675 0.631817 0.589869 0.63017 0.527233 0.632641 0.470044 0.630994 0.415577 0.642528 0.377451 0.661476 0.309368 0.680425 0.268519 0.692783 0.227669 0.704317 0.178649
2 0.616164 0.739651 0.607926 0.794118 0.607926 0.854031 0.611221 0.91122 0.602159 0.965686 0.613693 0.954793 0.618636 0.88671 0.62605 0.834967 0.638408 0.780501 0.641704 0.726035
5 0.738095 0.301198 0.759516 0.301198 0.794118 0.301198 0.835311 0.293028 0.86085 0.268519 0.879799 0.273965 0.917696 0.246732 0.914401 0.167756 0.899572 0.175926 0.883918 0.181373 0.866617 0.178649 0.848492 0.170479 0.827072 0.170479 0.812243 0.186819 0.791646 0.178649 0.76693 0.219499 0.733152 0.260349
4 0.916049 0.159586 0.926759 0.159586 0.958066 0.167756 0.977014 0.175926 0.986901 0.184096 0.973719 0.214052 0.95477 0.222222 0.93335 0.230392 0.916049 0.246732
7 0.520596 0.1378 0.508239 0.431917 0.485994 0.423747 0.467046 0.434641 0.435739 0.453704 0.410199 0.470044 0.394546 0.12146 0.411847 0.11329 0.428324 0.102397 0.439034 0.086057 0.449745 0.069717 0.462102 0.069717 0.476108 0.069717 0.48929 0.086057 0.500824 0.107843
1 0.447273 0.083333 0.423381 0.107843 0.368183 0.12963 0.34841 0.1378 0.325342 0.143246 0.304745 0.156863 0.286621 0.165033 0.261905 0.165033 0.238837 0.151416 0.214945 0.148693 0.189405 0.170479 0.177047 0.181373 0.146565 0.200436 0.107843 0.233115 0.114434 0.317538 0.130911 0.298475 0.157275 0.287582 0.176223 0.284858 0.204235 0.284858 0.224831 0.293028 0.246251 0.306645 0.262729 0.322985 0.278382 0.342048 0.308865 0.355664 0.340171 0.369281 0.372302 0.372004 0.390427 0.374728 0.407728 0.377451 0.426677 0.366558 0.441506 0.344771 0.455512 0.227669 0.457983 0.1378
6 0.110315 0.230392 0.096309 0.235839 0.088894 0.224946 0.08148 0.203159 0.068298 0.216776 0.063355 0.252179 0.050173 0.282135 0.035344 0.309368 0.024633 0.333878 0.012275 0.366558 0.025457 0.380174 0.061707 0.372004 0.07736 0.339325 0.097957 0.325708 0.114434 0.322985
3 0.413495 0.382898 0.383012 0.372004 0.361592 0.372004 0.345115 0.372004 0.32287 0.366558 0.30145 0.352941 0.340995 0.404684 0.361592 0.431917 0.378893 0.45098 0.40608 0.461874 0.428324 0.45915 0.441506 0.445534
9 0.187757 0.165033 0.165513 0.156863 0.135854 0.148693 0.122673 0.132353 0.111962 0.110566 0.097957 0.116013 0.084775 0.135076 0.073241 0.154139 0.033696 0.159586 0.031224 0.197712 0.047701 0.200436 0.060883 0.219499 0.075713 0.211329 0.090542 0.208606 0.100428 0.235839 0.117729 0.227669 0.134207 0.211329 0.157275 0.194989