0 0.576287 0.511794 0.601716 0.514743 0.627146 0.497051 0.649583 0.488206 0.666785 0.461669 0.684735 0.417441 0.700441 0.385007 0.717643 0.382058 0.737089 0.385007 0.756535 0.370264 0.774485 0.331933 0.80141 0.33783 0.823099 0.331933 0.842545 0.328984 0.870218 0.328984 0.894151 0.308344 0.915093 0.287705 0.935287 0.281807 0.954732 0.305396 0.965203 0.293602 0.953985 0.267065 0.967447 0.240528 0.986145 0.211042 0.996616 0.169763 0.99138 0.13438 0.979414 0.128483 0.959968 0.166814 0.936782 0.199248 0.909858 0.211042 0.884428 0.199248 0.867226 0.184505 0.850024 0.193351 0.836562 0.193351 0.81562 0.202197 0.793931 0.193351 0.794679 0.143226 0.790191 0.075409 0.774485 0.042975 0.750552 0.054769 0.72961 0.042975 0.701937 0.042975 0.676508 0.066563 0.644348 0.087203 0.622658 0.122586 0.597229 0.166814 0.5718 0.193351 0.543379 0.193351 0.519446 0.172711 0.491773 0.157968 0.469335 0.149123 0.443158 0.163866 0.428948 0.213991 0.41399 0.267065 0.388561 0.272962 0.366871 0.281807 0.34219 0.308344 0.3205 0.331933 0.294323 0.343727 0.264407 0.334881 0.238978 0.334881 0.21654 0.326036 0.196346 0.314241 0.167926 0.305396 0.145488 0.272962 0.138009 0.222837 0.132026 0.184505 0.120059 0.184505 0.108092 0.1963 0.093882 0.1963 0.075932 0.163866 0.052747 0.128483 0.043024 0.152071 0.057982 0.1963 0.07294 0.240528 0.085655 0.287705 0.105849 0.343727 0.125294 0.352573 0.157455 0.405646 0.137261 0.446926 0.114076 0.464617 0.096126 0.467566 0.081167 0.443978 0.066209 0.443978 0.056486 0.494103 0.046763 0.547177 0.029561 0.585508 0.013855 0.629736 0.003384 0.673964 0.011611 0.727038 0.031805 0.721141 0.057982 0.688707 0.082663 0.656273 0.102109 0.617942 0.128286 0.582559 0.154463 0.547177 0.176153 0.538331 0.203078 0.535383 0.230003 0.517691 0.246457 0.538331 0.267398 0.576662 0.283105 0.629736 0.30255 0.629736 0.352661 0.609096 0.372107 0.597302 0.384073 0.588456 0.408754 0.573714 0.431192 0.558971 0.458865 0.538331 0.485042 0.511794 0.505983 0.505897 0.525429 0.511794 0.523185 0.594354 0.524681 0.671016 0.517202 0.741781 0.51795 0.800752 0.512715 0.856774 0.508227 0.957025 0.516454 0.962922 0.520942 0.9069 0.529917 0.847929 0.536648 0.809598 0.541883 0.712295 0.546371 0.62089 0.555346 0.517691
8 0.790939 0.119637 0.781964 0.063615 0.761022 0.042975 0.737089 0.057718 0.720635 0.081306 0.713904 0.169763 0.713904 0.255271 0.717643 0.323087 0.72961 0.367315 0.752047 0.373212 0.768502 0.340778 0.78346 0.278859 0.791687 0.208094
10 0.776729 0.326036 0.802158 0.334881 0.826839 0.331933 0.847781 0.331933 0.871714 0.331933 0.90163 0.302447 0.93753 0.284756 0.931547 0.1963 0.90537 0.199248 0.880689 0.199248 0.856756 0.199248 0.832822 0.213991 0.805149 0.211042 0.787199 0.202197 0.761022 0.166814 0.737837 0.157968 0.718391 0.181557 0.713904 0.261168 0.719887 0.326036 0.731854 0.352573 0.754291 0.33783
2 0.931547 0.199248 0.949497 0.17566 0.968943 0.152071 0.986893 0.110792 0.99512 0.152071 0.99138 0.199248 0.97717 0.222837 0.954732 0.267065 0.965203 0.290653 0.953237 0.314241 0.934539 0.284756
5 0.524681 0.523588 0.524681 0.588456 0.524681 0.66217 0.53964 0.709347 0.542631 0.653324 0.549362 0.603199 0.556094 0.52064
4 0.523185 0.671016 0.515706 0.735884 0.516454 0.791906 0.510471 0.859723 0.507479 0.965871 0.517202 0.965871 0.520194 0.9069 0.529917 0.850877 0.537396 0.812546 0.540387 0.718193
7 0.564321 0.1963 0.567312 0.505897 0.546371 0.517691 0.527673 0.514743 0.502992 0.502949 0.473075 0.526537 0.439419 0.558971 0.406511 0.272962 0.421469 0.243476 0.438671 0.187454 0.455873 0.163866 0.476815 0.160917 0.501496 0.178608 0.526925 0.193351 0.546371 0.1963
1 0.404267 0.267065 0.379586 0.272962 0.346677 0.305396 0.3205 0.328984 0.297315 0.346676 0.260667 0.343727 0.230003 0.346676 0.201582 0.35847 0.168674 0.393852 0.146984 0.426286 0.125294 0.449875 0.111084 0.470515 0.104353 0.614993 0.132026 0.582559 0.158203 0.550125 0.183632 0.532434 0.22028 0.517691 0.250944 0.502949 0.28834 0.505897 0.326484 0.532434 0.348173 0.56192 0.373602 0.594354 0.396788 0.582559 0.421469 0.570765 0.439419 0.558971
6 0.110336 0.45872 0.093882 0.464617 0.079672 0.443978 0.068453 0.443978 0.056486 0.497051 0.046763 0.544228 0.031057 0.573714 0.012359 0.632685 0.00488 0.671016 0.011611 0.729987 0.031057 0.721141 0.057982 0.685759 0.084159 0.653324 0.109588 0.62089
3 0.297315 0.343727 0.263659 0.326036 0.218784 0.328984 0.192607 0.311293 0.163438 0.287705 0.146236 0.272962 0.126042 0.355521 0.159699 0.411544 0.179892 0.382058 0.210557 0.361418 0.257675 0.334881
9 0.145488 0.270013 0.136513 0.216939 0.12679 0.17566 0.11258 0.184505 0.097622 0.202197 0.084159 0.181557 0.068453 0.149123 0.053495 0.125534 0.045268 0.146174 0.059478 0.193351 0.070697 0.246425 0.088647 0.29655 0.105849 0.349624 0.12679 0.355521