0 0.549051 0.605477 0.573954 0.578431 0.600366 0.564909 0.62225 0.551386 0.638852 0.508114 0.672056 0.456728 0.691676 0.443205 0.718843 0.459432 0.748274 0.459432 0.782232 0.443205 0.80789 0.426978 0.831283 0.397228 0.864487 0.364773 0.90901 0.35666 0.961835 0.353955 0.966362 0.337728 0.995793 0.345842 0.984473 0.305274 0.964098 0.286342 0.939196 0.289047 0.915047 0.278229 0.887126 0.275524 0.854677 0.289047 0.824492 0.289047 0.800343 0.307978 0.771667 0.340433 0.751292 0.345842 0.761103 0.29716 0.764121 0.229547 0.761857 0.145707 0.74601 0.088911 0.727899 0.051048 0.708278 0.053753 0.689413 0.088911 0.681866 0.15382 0.670547 0.218729 0.656963 0.216024 0.650172 0.140297 0.627533 0.107843 0.597347 0.121366 0.573954 0.140297 0.546033 0.18357 0.520375 0.240365 0.495472 0.286342 0.468305 0.289047 0.444912 0.253888 0.410953 0.248479 0.383032 0.280933 0.363412 0.321501 0.338509 0.340433 0.299268 0.383705 0.262291 0.426978 0.225314 0.394523 0.189846 0.391819 0.15136 0.418864 0.115138 0.437796 0.092499 0.435091 0.074388 0.413455 0.057031 0.448614 0.045712 0.494591 0.023073 0.540568 0.010244 0.597363 0.018545 0.640636 0.038165 0.632522 0.061559 0.591954 0.077406 0.573022 0.097781 0.618999 0.121175 0.629817 0.149096 0.662272 0.174754 0.670385 0.208712 0.708249 0.239652 0.735294 0.263046 0.775862 0.278138 0.767748 0.312851 0.751521 0.343037 0.746112 0.37624 0.729885 0.40869 0.692022 0.461514 0.602772 0.483398 0.608181 0.497736 0.610886 0.497736 0.692022 0.501509 0.767748 0.501509 0.821839 0.503019 0.943543 0.512074 0.946247 0.512829 0.873225 0.520375 0.797498 0.52113 0.70284 0.524903 0.600068
8 0.696204 0.437796 0.71507 0.424273 0.736954 0.381001 0.755065 0.343137 0.762612 0.240365 0.761857 0.178161 0.755065 0.121366 0.740727 0.075389 0.715825 0.045639 0.69545 0.072684 0.680357 0.159229 0.671301 0.216024 0.667528 0.299865 0.673565 0.389114 0.681866 0.41616
5 0.709033 0.454023 0.735445 0.47025 0.763366 0.456728 0.790533 0.443205 0.816191 0.41616 0.841093 0.381001 0.866751 0.364773 0.912029 0.35666 0.908256 0.289047 0.881844 0.291751 0.864487 0.291751 0.844112 0.289047 0.822228 0.294456 0.798834 0.307978 0.775441 0.332319 0.755065 0.345842 0.735445 0.383705 0.715825 0.413455
4 0.916557 0.353955 0.933159 0.351251 0.955043 0.351251 0.969381 0.335024 0.993529 0.345842 0.983719 0.305274 0.965608 0.289047 0.943723 0.291751 0.907501 0.275524
10 0.64338 0.129479 0.619986 0.118661 0.59282 0.132184 0.558861 0.18357 0.53094 0.21332 0.506792 0.262001 0.496981 0.307978 0.494718 0.410751 0.495472 0.486477 0.495472 0.573022 0.500755 0.694726 0.522639 0.70284 0.524903 0.624408 0.526412 0.554091 0.529431 0.478364 0.534713 0.364773 0.558107 0.324206 0.583764 0.318796 0.616968 0.318796 0.641116 0.275524 0.656209 0.186275
2 0.498491 0.713658 0.502264 0.770453 0.504528 0.851589 0.506037 0.954361 0.511319 0.948952 0.512074 0.889452 0.52113 0.805612 0.522639 0.70284 0.509056 0.694726
7 0.484153 0.305274 0.484153 0.4405 0.481134 0.610886 0.456986 0.610886 0.426046 0.664976 0.40869 0.683908 0.398125 0.640636 0.392842 0.581136 0.380768 0.47025 0.368694 0.38641 0.363412 0.329615 0.385296 0.289047 0.412463 0.245774 0.446421 0.253888 0.471324 0.286342
1 0.361148 0.32691 0.334736 0.351251 0.307569 0.372887 0.274365 0.41616 0.254745 0.418864 0.225314 0.402637 0.20343 0.389114 0.179282 0.399932 0.152115 0.41616 0.106837 0.437796 0.107592 0.521636 0.134004 0.510818 0.160416 0.521636 0.192865 0.540568 0.22305 0.545977 0.239652 0.570318 0.268328 0.589249 0.302287 0.597363 0.334736 0.597363 0.363412 0.591954 0.391333 0.573022 0.381523 0.475659 0.365676 0.383705
6 0.105328 0.445909 0.094008 0.426978 0.073633 0.41616 0.054013 0.464841 0.041939 0.513523 0.022318 0.545977 0.009489 0.605477 0.0193 0.648749 0.040429 0.629817 0.062314 0.58384 0.084198 0.562204 0.106837 0.532454
3 0.407935 0.689317 0.376995 0.716362 0.343037 0.743408 0.313606 0.746112 0.280402 0.765044 0.257009 0.767748 0.240407 0.740703 0.220786 0.719067 0.196638 0.689317 0.169471 0.667681 0.143059 0.648749 0.157397 0.573022 0.184564 0.570318 0.214749 0.573022 0.240407 0.581136 0.267573 0.600068 0.293986 0.610886 0.322662 0.605477 0.355865 0.586545 0.394352 0.573022 0.398879 0.646045
9 0.156643 0.567613 0.144569 0.554091 0.130985 0.545977 0.116647 0.524341 0.095517 0.548682 0.081179 0.564909 0.1008 0.618999 0.124948 0.629817 0.146832 0.656863