0 0.373868 0.709782 0.401564 0.699631 0.415787 0.681022 0.43001 0.653953 0.443484 0.611658 0.470432 0.626884 0.498129 0.638727 0.525825 0.669179 0.563253 0.706398 0.605173 0.731775 0.649338 0.74531 0.692005 0.762227 0.73093 0.784221 0.76761 0.794371 0.805038 0.801139 0.843214 0.804522 0.865671 0.845125 0.894865 0.885728 0.92855 0.931406 0.956995 0.955091 0.992926 0.975393 0.984692 0.948324 0.994423 0.939865 0.983195 0.922947 0.958492 0.904338 0.968972 0.892495 0.988435 0.907721 0.996669 0.843433 0.969721 0.816365 0.99068 0.819748 0.993675 0.797755 0.974212 0.787604 0.956995 0.782529 0.94427 0.765611 0.945018 0.747001 0.968224 0.748693 0.962984 0.725008 0.943521 0.716549 0.922562 0.721624 0.910585 0.735159 0.886631 0.736851 0.864923 0.7267 0.848454 0.68948 0.82974 0.655645 0.805786 0.638727 0.787072 0.618425 0.771353 0.603199 0.774347 0.557521 0.766861 0.508459 0.754136 0.467856 0.739913 0.430637 0.724942 0.427253 0.711468 0.412027 0.692754 0.406952 0.677034 0.412027 0.656823 0.423869 0.6426 0.449246 0.641103 0.505075 0.632869 0.462781 0.618647 0.422178 0.596938 0.384958 0.56999 0.354506 0.545288 0.347739 0.510106 0.337588 0.487649 0.334205 0.460701 0.335896 0.443484 0.346047 0.418033 0.352814 0.403062 0.356198 0.387342 0.293602 0.367879 0.232697 0.3312 0.146416 0.296766 0.104121 0.259338 0.075361 0.198705 0.092279 0.176997 0.092279 0.159031 0.13119 0.143312 0.195478 0.130586 0.258074 0.120106 0.340972 0.106632 0.422178 0.096901 0.478007 0.086421 0.412027 0.072199 0.346047 0.040759 0.346047 0.028034 0.401876 0.032525 0.489849 0.048993 0.581206 0.062467 0.633651 0.075193 0.66072 0.096152 0.669179 0.108878 0.626884 0.123849 0.581206 0.13882 0.52876 0.158283 0.449246 0.171008 0.493233 0.184482 0.564288 0.188974 0.623501 0.215922 0.620117 0.226402 0.577822 0.243619 0.537219 0.260087 0.599816 0.283292 0.653953 0.316977 0.692864 0.342428 0.704707
8 0.708474 0.417102 0.685268 0.417102 0.662063 0.430637 0.644846 0.447555 0.641103 0.494925 0.6426 0.535528 0.65308 0.586281 0.659817 0.618425 0.681526 0.630268 0.708474 0.643802 0.734673 0.659028 0.754884 0.652261 0.770604 0.61335 0.774347 0.560904 0.766861 0.503384 0.748147 0.456013 0.732428 0.425561
10 0.543042 0.684405 0.572236 0.721624 0.616401 0.740234 0.656075 0.75546 0.706228 0.772378 0.74665 0.790988 0.799049 0.80283 0.841717 0.807906 0.900853 0.816365 0.897859 0.736851 0.858185 0.725008 0.825249 0.703015 0.782581 0.67933 0.727188 0.659028 0.676286 0.625192 0.630624 0.598124 0.578224 0.59474
2 0.897859 0.738542 0.916573 0.725008 0.932293 0.718241 0.955498 0.718241 0.962235 0.728392 0.969721 0.748693 0.94427 0.752077 0.947264 0.775762 0.986189 0.787604 0.996669 0.801139 0.993675 0.826515 0.970469 0.82144 0.995172 0.848509 0.989183 0.907721 0.964481 0.884036 0.977206 0.862043 0.968224 0.851892 0.953252 0.870502 0.920316 0.834974 0.903848 0.818056
5 0.745902 0.66072 0.774347 0.672563 0.799798 0.696248 0.825249 0.703015 0.85594 0.718241 0.864174 0.718241 0.842466 0.672563 0.821506 0.637035 0.798301 0.623501 0.779587 0.615042 0.766113 0.606583 0.760124 0.637035
4 0.865671 0.846817 0.889625 0.88742 0.91807 0.919564 0.955498 0.958475 0.995172 0.98216 0.986189 0.950016 0.99863 0.937519 0.981698 0.917872 0.962984 0.912797 0.968972 0.890803 0.968972 0.882344 0.978703 0.856968 0.967475 0.846817 0.954001 0.870502 0.917322 0.833283 0.900853 0.819748 0.843214 0.804522
7 0.418033 0.352814 0.427015 0.410335 0.431507 0.488157 0.43525 0.562596 0.444232 0.616733 0.429261 0.653953 0.40905 0.682713 0.387342 0.703015 0.359645 0.709782 0.329703 0.694556 0.304252 0.67933 0.293023 0.655645 0.293772 0.589665 0.29976 0.506767 0.313235 0.432328 0.334194 0.432328 0.355154 0.425561 0.383599 0.393417 0.406056 0.356198
1 0.331948 0.413719 0.311737 0.366349 0.298263 0.318978 0.278801 0.25469 0.254847 0.188711 0.226402 0.143032 0.208436 0.102429 0.185231 0.090587 0.160528 0.122731 0.144809 0.19717 0.129838 0.281759 0.120106 0.349431 0.108878 0.412027 0.096152 0.48139 0.109626 0.63196 0.125346 0.574439 0.137323 0.527069 0.156786 0.45263 0.177745 0.369732 0.187477 0.302061 0.202448 0.379883 0.217419 0.456013 0.238379 0.523685 0.255595 0.579514 0.274309 0.643802 0.294521 0.669179 0.293023 0.593048 0.29976 0.501692 0.312486 0.430637
6 0.093158 0.483082 0.078187 0.444171 0.067707 0.388342 0.053485 0.342664 0.032525 0.362965 0.030279 0.445863 0.036268 0.513534 0.056479 0.587973 0.070701 0.648877 0.090912 0.67933 0.103638 0.647186 0.108878 0.625192 0.102141 0.56598
3 0.395576 0.347739 0.380605 0.281759 0.347668 0.214088 0.317726 0.143032 0.278801 0.102429 0.249607 0.080436 0.206939 0.09397 0.229396 0.15995 0.251104 0.195478 0.290029 0.269917 0.316977 0.349431 0.340183 0.43402 0.361891 0.425561
9 0.15978 0.456013 0.174751 0.515226 0.182237 0.581206 0.196459 0.63196 0.222659 0.625192 0.233887 0.581206 0.245864 0.543987 0.222659 0.47124 0.207688 0.493233 0.191968 0.439096 0.176997 0.364657