0 0.4902874902874903 0.49013806706114404 0.9533201840894149 0.8908612754766602
1 0.20488912796605105 0.5977975016436555 0.11206741975972748 0.28435239973701526
7 0.18434343434343434 0.7835305719921105 0.19948000717231487 0.2843523997370153
3 0.06592552746398901 0.9084483892176201 0.06574621959237344 0.0673898750821828
9 0.13167174705636245 0.7901051939513479 0.1270097423943578 0.11341222879684427
5 0.04351204351204352 0.844345825115056 0.05379236148466918 0.0936883629191322
2 0.5530452453529376 0.522189349112426 0.18080210387902698 0.3599605522682446
8 0.7368358137588906 0.40138067061143984 0.22861753630984405 0.4536489151873767
4 0.8489032335186182 0.13264299802761342 0.08068854222700376 0.11669953977646287
10 0.7218934911242604 0.2887902695595003 0.17183671029824885 0.27449046679815914
6 0.909419640188871 0.10223537146614067 0.11953858107704254 0.1183431952662722