0 0.49685193055358795 0.5013154433043935 0.9908548582581732 0.881347013943699
1 0.7128881963136108 0.23822678242567744 0.09286804866915363 0.26571954748750337
9 0.8254316790228392 0.3145224940805051 0.18573609733830726 0.14996053670086829
5 0.9560765610489367 0.2842672980794528 0.06768349309785784 0.07892659826361492
7 0.49449087846877904 0.39344909234411996 0.09522910075396268 0.5445935280189425
3 0.4480568541342022 0.7972901867929492 0.04643402433457688 0.310444619836885
2 0.3913916040987864 0.2895290712970271 0.12513576049487649 0.4630360431465404
8 0.20762305016448662 0.3487240199947382 0.272308007114637 0.2815048671402263
10 0.22533094080055405 0.20928702972901866 0.26365081613700403 0.17626940278873987
4 0.04195589554705573 0.43554327808471455 0.08106278824510868 0.1815311760063141
6 0.052974138609497685 0.23164956590370953 0.09365506603075663 0.1894238358326757