0 0.5089615772375937 0.5063291139240507 0.9379784175348193 0.940928270042194
1 0.7475635711885292 0.16244725738396626 0.08886897427280534 0.21940928270042193
9 0.8509951084724243 0.14873417721518986 0.1314364661513758 0.09071729957805907
5 0.9409842798999288 0.1962025316455696 0.06795862738508651 0.10126582278481017
7 0.7516709607557596 0.4683544303797468 0.11650050408871968 0.5232067510548523
3 0.807680818490721 0.8449367088607594 0.029871924125312747 0.2679324894514767
2 0.44959112803853485 0.22679324894514769 0.10679212874799301 0.29324894514767924
8 0.27110638138979126 0.27742616033755274 0.2934916545311975 0.21729957805907169
4 0.08926104327695006 0.36392405063291133 0.09708375340726635 0.1371308016877638
10 0.25915761173966617 0.1476793248945148 0.266606922818416 0.1350210970464135
6 0.08664724991598519 0.11075949367088608 0.08588178186027406 0.10337552742616034