0 0.5044800860176515 0.5506693061840121 0.9647118558009646 0.7942119155354452
1 0.26180876006152654 0.2643288084464555 0.06272120424712156 0.20739064856711908
7 0.32751668832041575 0.44108220211161386 0.08960172035303081 0.4996229260935143
3 0.2890626166689067 0.7851621417797889 0.041067455161805766 0.23567119155354455
9 0.17519376372026343 0.31499811463046756 0.17920344070606156 0.1390460030165913
5 0.05535146274808476 0.2690422322775264 0.06048116123829577 0.1131221719457014
2 0.5470409031853412 0.4045531674208146 0.14037602855308154 0.3747171945701358
8 0.7381912399384736 0.4929298642533937 0.33003300330033 0.39121417797888386
4 0.9386750892283797 0.6944287330316743 0.07242805728536664 0.3134426847662142
10 0.819952809760614 0.444617269984917 0.11872227946776572 0.15318627450980388
6 0.9304615981960186 0.4128016591251885 0.10528202141481115 0.20267722473604816