0 0.38813559322033897 0.7097974369574205 0.7178907721280602 0.4319966928482844
0 0.7207156308851225 0.2809011988424969 0.5227871939736346 0.47126911947085576
7 0.49435028248587565 0.6033484911120297 0.271939736346516 0.23976849937990902
3 0.6785310734463277 0.7201322860686233 0.10998116760828629 0.20049607275733758
9 0.5553672316384181 0.7904092600248036 0.1423728813559322 0.17155849524596936
1 0.47062146892655365 0.770773046713518 0.1431261770244821 0.2769739561802398
2 0.2566854990583804 0.6891277387350144 0.12504708097928433 0.3947912360479537
8 0.13540489642184556 0.6012815212897891 0.12956685499058382 0.15295576684580403
4 0.058568738229755175 0.6271186440677966 0.05423728813559322 0.08474576271186446
10 0.12297551789077213 0.7294336502687061 0.1423728813559322 0.15708970649028517
2 0.6499058380414312 0.42972302604381973 0.08587570621468925 0.194295163290616
1 0.8295668549905838 0.2871021083092187 0.08813559322033901 0.1777594047126912
7 0.835593220338983 0.18168664737494836 0.1604519774011299 0.2232327408019843
9 0.9071563088512241 0.18892104175279043 0.07758945386064031 0.183960314179413
3 0.9429378531073447 0.08247209590739976 0.07080979284369113 0.057875155022736643
8 0.5546139359698682 0.42455560148821825 0.11224105461393599 0.12195121951219512
3 0.47853107344632767 0.42455560148821825 0.04896421845574385 0.0888797023563456