0 0.65327 0.275032 0.680063 0.18352 0.706068 0.187333 0.72892 0.214024 0.749409 0.194959 0.780142 0.095821 0.810875 0.061504 0.843184 0.06913 0.857368 0.14539 0.887313 0.126325 0.900709 0.22165 0.896769 0.305536 0.888889 0.362732 0.914106 0.366545 0.937746 0.38561 0.967691 0.412301 0.996667 0.489782 0.967691 0.515252 0.947203 0.469496 0.918046 0.5 0.881009 0.477122 0.840032 0.469496 0.824271 0.477122 0.824271 0.610577 0.810875 0.759285 0.803783 0.744033 0.806935 0.65252 0.807723 0.534317 0.782506 0.488561 0.754137 0.492374 0.726556 0.480935 0.706068 0.484748 0.677699 0.511439 0.634358 0.530504 0.602049 0.530504 0.568164 0.492374 0.536643 0.503813 0.500394 0.553382 0.478329 0.595325 0.467297 0.568634 0.491726 0.458057 0.462569 0.477122 0.459417 0.446618 0.480693 0.374171 0.512214 0.301723 0.520883 0.355106 0.542159 0.324602 0.579984 0.328415 0.600473 0.339854 0.617021 0.336041
7 0.65721 0.278845 0.663515 0.38561 0.673759 0.511439 0.698188 0.488561 0.723404 0.480935 0.739953 0.484748 0.743105 0.343667 0.736013 0.217837 0.70922 0.191146 0.685579 0.175894 0.669819 0.214024
8 0.85658 0.153016 0.84476 0.25978 0.847912 0.358919 0.86446 0.38561 0.885737 0.370358 0.893617 0.30935 0.900709 0.225463 0.890465 0.164455 0.875493 0.133951
10 0.825059 0.133951 0.810875 0.25978 0.805359 0.328415 0.805359 0.419927 0.806147 0.530504 0.824271 0.534317 0.828211 0.435179 0.828999 0.324602 0.84082 0.22165 0.85658 0.149203 0.843184 0.072943
2 0.808511 0.534317 0.808511 0.663959 0.803783 0.751659 0.810875 0.770724 0.825059 0.61439 0.825059 0.545756
5 0.836879 0.46187 0.866036 0.454244 0.892041 0.458057 0.91647 0.469496 0.947203 0.469496 0.952719 0.408488 0.933806 0.381797 0.911742 0.366545 0.888101 0.366545 0.86446 0.400862 0.850276 0.374171
4 0.948779 0.484748 0.966115 0.503813 0.996667 0.488651 0.966903 0.408488 0.951931 0.397049
1 0.652482 0.271219 0.626478 0.332228 0.598109 0.328415 0.567376 0.313163 0.540583 0.336041 0.523247 0.34748 0.520883 0.46187 0.560284 0.465683 0.597321 0.5 0.62963 0.507626 0.670607 0.507626 0.664303 0.389423
6 0.515366 0.343667 0.50985 0.301723 0.480693 0.370358 0.460205 0.435179 0.463357 0.484748 0.492514 0.469496 0.521671 0.458057 0.524823 0.366545
9 0.533491 0.5 0.503546 0.530504 0.483058 0.583886 0.469661 0.57626 0.490938 0.492374 0.520883 0.465683
0 0.321513 0.477122 0.345942 0.419927 0.368794 0.370358 0.386131 0.358919 0.423956 0.320789 0.440504 0.275032 0.479117 0.278845 0.494878 0.240715 0.477541 0.198772 0.451537 0.198772 0.43026 0.198772 0.408983 0.198772 0.405043 0.122512 0.390071 0.057691 0.369582 0.038626 0.36249 0.10726 0.360914 0.168268 0.338061 0.153016 0.320725 0.126325 0.301812 0.149203 0.2829 0.191146 0.269504 0.240715 0.255319 0.263593 0.237195 0.255967 0.218282 0.236902 0.204098 0.275032 0.196217 0.336041 0.180457 0.416114 0.160757 0.480935 0.141844 0.503813 0.116627 0.46187 0.097715 0.438992 0.077226 0.419927 0.06777 0.362732 0.046493 0.397049 0.027581 0.458057 0.037037 0.5 0.054374 0.5 0.07171 0.507626 0.089835 0.557195 0.096139 0.591512 0.07959 0.641081 0.070134 0.663959 0.063042 0.683024 0.052009 0.679211 0.052009 0.74022 0.044129 0.839358 0.049645 0.938496 0.060678 0.862236 0.072498 0.789789 0.096139 0.728781 0.128448 0.698277 0.14342 0.724968 0.162333 0.694464 0.195429 0.629642 0.224586 0.561008 0.239559 0.534317 0.249015 0.557195 0.265563 0.557195 0.261623 0.656333 0.249803 0.736407 0.237983 0.801228 0.241923 0.877488 0.260835 0.812667 0.272656 0.724968 0.286052 0.587699 0.300236 0.5
8 0.410559 0.191146 0.403467 0.118699 0.387707 0.042439 0.371946 0.038626 0.364854 0.114886 0.363278 0.18352 0.364066 0.275032 0.371158 0.332228 0.386919 0.313163 0.403467 0.263593
10 0.322301 0.290284 0.305753 0.431366 0.293144 0.572447 0.276596 0.728781 0.252955 0.69065 0.260835 0.564821 0.27108 0.465683 0.284476 0.362732 0.284476 0.252154 0.307329 0.198772
2 0.260835 0.70209 0.244287 0.782163 0.237195 0.820293 0.241923 0.885114 0.263987 0.805041 0.276596 0.717342
4 0.44208 0.248341 0.450749 0.198772 0.476753 0.179707 0.499606 0.252154 0.479905 0.301723
5 0.435776 0.25978 0.416076 0.278845 0.388495 0.305536 0.410559 0.252154 0.409771 0.187333 0.433412 0.172081 0.451537 0.194959
7 0.253743 0.282658 0.256107 0.389423 0.250591 0.553382 0.231678 0.519065 0.215918 0.541943 0.206462 0.599138 0.174153 0.416114 0.189125 0.343667 0.197794 0.286471 0.216706 0.22165 0.239559 0.252154
1 0.171001 0.427553 0.158392 0.492374 0.138692 0.507626 0.117415 0.473309 0.094563 0.435179 0.074862 0.419927 0.070922 0.503813 0.085894 0.526691 0.101655 0.57626 0.115051 0.637268 0.13948 0.69065 0.165485 0.69065 0.196217 0.633455 0.21119 0.595325
6 0.076438 0.412301 0.066194 0.370358 0.047281 0.38561 0.028369 0.458057 0.038613 0.5 0.054374 0.5 0.069346 0.507626
9 0.081166 0.747846 0.066982 0.70209 0.052797 0.683024 0.05595 0.755472 0.046493 0.835545 0.049645 0.969 0.059102 0.866049 0.069346 0.808854
3 0.088258 0.747846 0.108747 0.694464 0.125296 0.675398 0.113475 0.644894 0.099291 0.595325 0.076438 0.644894 0.05595 0.667772 0.07171 0.721155