0 0.40878 0.426672 0.44766 0.394321 0.476821 0.379224 0.507477 0.385695 0.544115 0.422359 0.580005 0.463336 0.638326 0.489216 0.674964 0.446082 0.716088 0.441769 0.748239 0.450396 0.77067 0.491373 0.80656 0.52588 0.831235 0.588425 0.84918 0.65744 0.859648 0.713514 0.880584 0.776058 0.888061 0.87311 0.907501 0.911931 0.907501 0.823506 0.900024 0.711357 0.879836 0.616462 0.846189 0.510784 0.810299 0.435299 0.776652 0.383538 0.765436 0.344717 0.785625 0.312367 0.799831 0.267076 0.80357 0.228255 0.838712 0.223942 0.882827 0.241195 0.914978 0.245509 0.9404 0.282173 0.97629 0.333934 0.963579 0.247665 0.93068 0.193748 0.894042 0.15277 0.853666 0.12042 0.809551 0.109636 0.795345 0.118263 0.764689 0.092383 0.733285 0.109636 0.723565 0.13336 0.6959 0.116106 0.660757 0.12042 0.616642 0.154927 0.590473 0.154927 0.556826 0.144143 0.512711 0.129047 0.485046 0.107479 0.461867 0.107479 0.443174 0.13336 0.430463 0.157084 0.387096 0.148457 0.35644 0.137673 0.333261 0.15277 0.308587 0.144143 0.285408 0.122576 0.255499 0.12042 0.209889 0.12042 0.169513 0.131203 0.127641 0.1463 0.09549 0.124733 0.054366 0.163554 0.073806 0.211001 0.08876 0.256292 0.051375 0.280016 0.094742 0.351187 0.132875 0.361971 0.184467 0.374911 0.221105 0.398635 0.256995 0.392165 0.278678 0.435299 0.325784 0.446082 0.376628 0.439612
8 0.719826 0.15277 0.719826 0.234725 0.731042 0.29727 0.76768 0.340404 0.793102 0.29727 0.80357 0.232568 0.795345 0.144143 0.766932 0.092383 0.732537 0.107479
5 0.808804 0.211001 0.847684 0.223942 0.873854 0.232568 0.914978 0.245509 0.932175 0.195904 0.88507 0.15924 0.850675 0.124733 0.808056 0.118263 0.795345 0.131203
4 0.914978 0.249822 0.943391 0.269232 0.971804 0.32315 0.964327 0.243352 0.929185 0.198061
10 0.707863 0.424515 0.74151 0.433142 0.771418 0.47412 0.798336 0.517254 0.827496 0.558231 0.84245 0.638029 0.861891 0.709201 0.882827 0.786842 0.903015 0.771745 0.887313 0.68332 0.861891 0.584112 0.841703 0.497843 0.805813 0.439612 0.775157 0.374911 0.759455 0.340404 0.732537 0.312367 0.706367 0.346874
2 0.88507 0.797625 0.879836 0.849386 0.893295 0.87958 0.898529 0.939968 0.911987 0.952908 0.914978 0.896834 0.911987 0.829976 0.902267 0.778215
7 0.515702 0.1463 0.515702 0.234725 0.508225 0.344717 0.499252 0.381381 0.484298 0.370598 0.463362 0.385695 0.442426 0.398635 0.428968 0.372754 0.415509 0.320993 0.405041 0.256292 0.405041 0.200218 0.417752 0.165711 0.429715 0.15277 0.443922 0.124733 0.460371 0.103166 0.485794 0.105323
1 0.402798 0.213158 0.369899 0.256292 0.342234 0.273546 0.318307 0.301583 0.285408 0.290799 0.253256 0.277859 0.217366 0.271389 0.185215 0.280016 0.152316 0.282173 0.127641 0.282173 0.130632 0.361971 0.171008 0.374911 0.204655 0.390008 0.227086 0.398635 0.254752 0.400792 0.287651 0.441769 0.33027 0.450396 0.384853 0.439612 0.415509 0.424515 0.443174 0.402948 0.426725 0.372754 0.417004 0.32962 0.406536 0.245509
3 0.419248 0.161397 0.383358 0.150614 0.352701 0.144143 0.329523 0.163554 0.300362 0.13336 0.268958 0.12689 0.237554 0.13336 0.20316 0.144143 0.175495 0.154927 0.134371 0.15924 0.135866 0.226098 0.182224 0.247665 0.2226 0.243352 0.264472 0.254135 0.292885 0.269232 0.319055 0.295113 0.345224 0.271389 0.371394 0.260606 0.406536 0.213158
9 0.134371 0.148457 0.101471 0.137673 0.070815 0.15277 0.055114 0.202375 0.062591 0.230412 0.093994 0.215315 0.119416 0.243352 0.135866 0.232568
6 0.130632 0.361971 0.093247 0.361971 0.089508 0.327463 0.082031 0.284329 0.072311 0.234725 0.099228 0.219628 0.120164 0.251979 0.126894 0.282173