0 0.36547 0.582369 0.420334 0.586704 0.465428 0.588872 0.506764 0.601877 0.554113 0.625721 0.564634 0.686413 0.563883 0.781788 0.571399 0.835978 0.552609 0.907509 0.567641 0.948693 0.58192 0.864157 0.594697 0.799129 0.597703 0.686413 0.593194 0.623553 0.619499 0.60838 0.653319 0.584536 0.688642 0.584536 0.713444 0.597542 0.748016 0.610548 0.792358 0.604045 0.846471 0.59971 0.892316 0.584536 0.934404 0.591039 0.947932 0.588872 0.962211 0.610548 0.979497 0.612715 0.977243 0.573698 0.956199 0.54552 0.925385 0.530346 0.888558 0.523844 0.855489 0.510838 0.819414 0.489162 0.766053 0.486994 0.76906 0.465318 0.782588 0.413296 0.781836 0.335262 0.769811 0.268067 0.743506 0.259397 0.713444 0.261564 0.707431 0.302749 0.694655 0.257229 0.666095 0.226883 0.615741 0.237721 0.582672 0.255061 0.554113 0.294078 0.519541 0.294078 0.493236 0.268067 0.469186 0.235553 0.436869 0.209542 0.397036 0.187866 0.358706 0.187866 0.303842 0.183531 0.260251 0.172693 0.23094 0.131508 0.195617 0.083821 0.164803 0.059977 0.123467 0.059977 0.085889 0.079486 0.031776 0.077318 0.008478 0.040469 0.00472 0.122838 0.057329 0.131508 0.111442 0.161855 0.157287 0.192201 0.200126 0.250726 0.242214 0.322257 0.267767 0.335262 0.219667 0.348268 0.185095 0.315754 0.146765 0.313587 0.112945 0.298413 0.087392 0.27457 0.063342 0.22905 0.027267 0.190033 0.006975 0.157519 0.000962 0.246391 0.028018 0.27457 0.070857 0.320089 0.1152 0.369944 0.155032 0.417631 0.186598 0.456648 0.236201 0.502168 0.285804 0.536849 0.336911 0.573698
8 0.772817 0.28324 0.744258 0.259397 0.715699 0.259397 0.70668 0.307084 0.704425 0.367776 0.704425 0.443642 0.713444 0.504335 0.732985 0.519508 0.754028 0.513006 0.766053 0.478324 0.775824 0.450145 0.784842 0.404626 0.785594 0.339598
10 0.704425 0.287575 0.680375 0.242056 0.657828 0.226883 0.624759 0.226883 0.588684 0.246391 0.564634 0.278905 0.551106 0.311419 0.545845 0.356938 0.546597 0.450145 0.551858 0.541184 0.560125 0.621386 0.564634 0.67124 0.565386 0.695084 0.592442 0.701587 0.591691 0.625721 0.592442 0.539017 0.596952 0.476156 0.595449 0.408961 0.617244 0.38295 0.649561 0.389452 0.678872 0.393788 0.701419 0.361274
2 0.566889 0.708089 0.570647 0.760112 0.568392 0.805631 0.569144 0.838145 0.551106 0.896671 0.556367 0.920514 0.567641 0.940023 0.577411 0.87933 0.588684 0.820805 0.593945 0.749274 0.592442 0.701587
5 0.701419 0.588872 0.749519 0.597542 0.791607 0.606212 0.849477 0.593207 0.902838 0.588872 0.900583 0.521676 0.863757 0.519508 0.839707 0.50867 0.807389 0.493497 0.775824 0.497832 0.763799 0.49133 0.7405 0.519508 0.714196 0.510838 0.701419 0.541184
4 0.901335 0.517341 0.930646 0.530346 0.95695 0.54552 0.980249 0.578034 0.982504 0.610548 0.964466 0.610548 0.945677 0.588872 0.9329 0.597542 0.904341 0.588872
7 0.503758 0.28324 0.493987 0.591039 0.472192 0.569363 0.445887 0.569363 0.416576 0.575866 0.382005 0.584536 0.371483 0.406793 0.400042 0.196536 0.424092 0.205207 0.444384 0.22038 0.468434 0.248559
1 0.400042 0.194369 0.347433 0.185698 0.299333 0.190033 0.256494 0.16619 0.216661 0.114167 0.17307 0.072983 0.132486 0.062145 0.098665 0.075151 0.094907 0.146681 0.133237 0.181363 0.176828 0.216045 0.205387 0.265899 0.261003 0.32876 0.309854 0.3461 0.376744 0.365609
6 0.095659 0.075151 0.065596 0.079486 0.031025 0.064313 0.009981 0.06648 0.006975 0.107665 0.040043 0.122838 0.073864 0.135843 0.092653 0.146681
3 0.377495 0.372112 0.302339 0.369944 0.239208 0.356938 0.193362 0.333095 0.146014 0.309251 0.074615 0.263732 0.065596 0.309251 0.106181 0.363441 0.147517 0.419799 0.188101 0.463151 0.244468 0.517341 0.300836 0.558525 0.349687 0.584536 0.382756 0.591039 0.372986 0.413296
9 0.076118 0.248559 0.047559 0.218212 0.02426 0.187866 0.002465 0.146681 0.002465 0.203039 0.000962 0.252894 0.031025 0.294078 0.066348 0.315754