0 0.494097 0.547356 0.528726 0.563141 0.562568 0.563141 0.599558 0.549987 0.636548 0.463168 0.683769 0.407919 0.72548 0.405288 0.766405 0.394765 0.805756 0.386872 0.843533 0.350039 0.891541 0.315838 0.923022 0.310576 0.953716 0.326361 0.98677 0.331623 0.992279 0.276375 0.984409 0.252697 0.953716 0.244804 0.9183 0.23428 0.88131 0.221126 0.833302 0.229019 0.806543 0.229019 0.778998 0.255328 0.756174 0.255328 0.764044 0.186924 0.758535 0.121152 0.739647 0.097474 0.721545 0.094843 0.703444 0.115891 0.685343 0.129045 0.662519 0.136938 0.634973 0.139569 0.600345 0.150092 0.546041 0.165877 0.518495 0.129045 0.496458 0.126414 0.476783 0.147461 0.462617 0.136938 0.439006 0.097474 0.412248 0.060642 0.383915 0.060642 0.361091 0.123783 0.333546 0.157985 0.284751 0.218495 0.255631 0.229019 0.232808 0.205341 0.202901 0.179032 0.169846 0.179032 0.139153 0.181663 0.102163 0.181663 0.084061 0.139569 0.064386 0.134307 0.057303 0.184294 0.042349 0.23428 0.017165 0.255328 0.001425 0.273744 0.004573 0.331623 0.034479 0.310576 0.062812 0.305314 0.086422 0.305314 0.055729 0.350039 0.028183 0.376348 0.001425 0.350039 0.002212 0.515785 0.029757 0.502631 0.064386 0.468429 0.108459 0.465798 0.169059 0.444751 0.195818 0.463168 0.233595 0.481584 0.28239 0.465798 0.324889 0.478953 0.360304 0.505262 0.401229 0.507893 0.435858 0.47106 0.442154 0.552618 0.442154 0.639437 0.431136 0.697316 0.423266 0.786767 0.424053 0.88674 0.43271 0.941989 0.446089 0.936727 0.449237 0.836753 0.458682 0.731518 0.468126 0.671008 0.472848 0.599974 0.475209 0.531571
8 0.696361 0.368456 0.719184 0.371087 0.741221 0.307945 0.753026 0.23165 0.759322 0.152723 0.740434 0.110629 0.718397 0.105367 0.690852 0.131676 0.671176 0.14483 0.666454 0.247435 0.677472 0.313207
5 0.732564 0.378979 0.775063 0.389503 0.808904 0.376348 0.849829 0.357932 0.892328 0.3211 0.9183 0.315838 0.917513 0.242173 0.870292 0.250066 0.827006 0.244804 0.797099 0.239542 0.780572 0.255328 0.7546 0.250066 0.737286 0.313207
4 0.925383 0.313207 0.953716 0.313207 0.983622 0.323731 0.980474 0.289529 0.989918 0.26322 0.965521 0.250066 0.943484 0.250066 0.922235 0.244804
10 0.497245 0.121152 0.468126 0.155354 0.460256 0.229019 0.449237 0.400026 0.450811 0.515785 0.446876 0.631544 0.468913 0.665746 0.475209 0.565772 0.474422 0.460537 0.476783 0.281636 0.502755 0.236911 0.542105 0.165877 0.520069 0.129045
2 0.439793 0.642068 0.431136 0.720994 0.42484 0.805183 0.425627 0.910418 0.430349 0.952512 0.446089 0.939358 0.451598 0.828861 0.455534 0.715733 0.471274 0.660484
7 0.453959 0.142199 0.436645 0.313207 0.435858 0.473691 0.401229 0.521047 0.369749 0.513154 0.344564 0.486846 0.333546 0.402657 0.331972 0.252697 0.328824 0.192186 0.361091 0.134307 0.378406 0.068535 0.396507 0.058011 0.429562 0.060642 0.445302 0.100105
1 0.320954 0.207972 0.277668 0.260589 0.240678 0.286898 0.20841 0.294791 0.172207 0.273744 0.137579 0.271113 0.091144 0.307945 0.071469 0.331623 0.080913 0.468429 0.124986 0.455275 0.164337 0.447382 0.194244 0.460537 0.232021 0.486846 0.269797 0.489476 0.315444 0.465798 0.343777 0.484215 0.331185 0.405288 0.333546 0.250066
3 0.357156 0.121152 0.29026 0.197448 0.243826 0.221126 0.21628 0.200079 0.194244 0.186924 0.13994 0.194817 0.106885 0.184294 0.093506 0.29216 0.138366 0.273744 0.176929 0.276375 0.206049 0.294791 0.243039 0.297422 0.276881 0.257958 0.321741 0.207972
6 0.068321 0.344778 0.021887 0.378979 0.001425 0.355301 0.004573 0.526309 0.035266 0.505262 0.054942 0.47106 0.074617 0.476322 0.082487 0.460537
9 0.099802 0.197448 0.077765 0.150092 0.060451 0.136938 0.047072 0.205341 0.0211 0.244804 0.006147 0.268482 0.007721 0.326361 0.027396 0.29216 0.052581 0.289529 0.080913 0.284267 0.09508 0.286898