0 0.457404 0.545864 0.497011 0.55126 0.530639 0.548562 0.558289 0.524281 0.589675 0.505396 0.614336 0.481115 0.638997 0.437949 0.66291 0.459532 0.688318 0.521583 0.722694 0.570145 0.744365 0.607916 0.772015 0.632197 0.80938 0.669967 0.835535 0.699644 0.872153 0.74281 0.883362 0.799466 0.903539 0.861517 0.938662 0.904684 0.953608 0.907381 0.978269 0.953246 0.993962 0.961339 0.996204 0.856122 0.967059 0.785976 0.94464 0.758997 0.913254 0.718529 0.88411 0.675363 0.854218 0.634895 0.828062 0.591728 0.791445 0.529677 0.7623 0.478417 0.731661 0.454136 0.705506 0.405574 0.741376 0.408272 0.772015 0.400178 0.795181 0.394782 0.816853 0.405574 0.836283 0.402876 0.867669 0.424459 0.899055 0.427157 0.876637 0.378595 0.841514 0.357012 0.807885 0.338127 0.786961 0.324637 0.760806 0.311148 0.731661 0.297658 0.71821 0.292262 0.714474 0.224815 0.706253 0.176253 0.685329 0.143878 0.668889 0.130389 0.645722 0.135785 0.632271 0.195138 0.618073 0.181649 0.592665 0.160066 0.566509 0.165462 0.531386 0.168159 0.502242 0.195138 0.479076 0.222117 0.45292 0.251794 0.439469 0.254492 0.433491 0.224815 0.417798 0.203232 0.401357 0.184347 0.380433 0.184347 0.361003 0.214024 0.340826 0.224815 0.310934 0.224815 0.29001 0.227513 0.269086 0.224815 0.251898 0.189743 0.231721 0.141181 0.205566 0.1169 0.173432 0.100712 0.162223 0.057546 0.151013 0.041359 0.128594 0.081827 0.113649 0.10341 0.079273 0.108806 0.066569 0.135785 0.095714 0.146576 0.124858 0.141181 0.147277 0.15467 0.200335 0.192441 0.231721 0.214024 0.244425 0.276075 0.256382 0.335429 0.232468 0.354314 0.189125 0.324637 0.159234 0.313846 0.139804 0.321939 0.112154 0.338127 0.081515 0.330033 0.060591 0.273377 0.041161 0.289565 0.026962 0.321939 0.00828 0.357012 0.001554 0.394782 0.0 0.426581 0.02771 0.459532 0.059096 0.44874 0.088988 0.432553 0.119627 0.440646 0.151761 0.451438 0.195104 0.473021 0.248162 0.518885 0.295989 0.526979 0.343068 0.513489 0.371465 0.486511 0.397621 0.489208 0.431249 0.529677
8 0.676362 0.133087 0.652448 0.133087 0.639744 0.176253 0.647217 0.2437 0.669636 0.319241 0.687571 0.365105 0.705506 0.400178 0.712232 0.343522 0.715221 0.278773 0.711484 0.214024 0.692802 0.162764
10 0.666647 0.459532 0.700275 0.532375 0.736892 0.583635 0.777246 0.637592 0.807885 0.669967 0.84525 0.707738 0.8729 0.74281 0.882615 0.686154 0.847492 0.64029 0.8176 0.575541 0.788456 0.529677 0.761553 0.470323 0.733156 0.454136 0.704011 0.402876 0.671131 0.330033 0.647217 0.300356 0.631524 0.367803 0.652448 0.451438
2 0.873647 0.748206 0.899055 0.829143 0.925211 0.875007 0.951366 0.907381 0.977521 0.958641 0.993962 0.964037 0.996204 0.866913 0.967807 0.788674 0.941651 0.750904 0.912507 0.715831 0.883362 0.672665
5 0.704011 0.400178 0.745113 0.405574 0.772763 0.402876 0.797423 0.39748 0.829557 0.402876 0.827315 0.34622 0.794434 0.327335 0.766037 0.311148 0.732409 0.303054 0.715221 0.29496 0.715221 0.34622
4 0.833293 0.39748 0.866174 0.419063 0.897561 0.437949 0.908023 0.451438 0.893824 0.400178 0.863933 0.362408 0.841514 0.351616 0.827315 0.348918
7 0.441711 0.249096 0.432743 0.516187 0.40883 0.489208 0.390895 0.473021 0.373707 0.481115 0.346805 0.502698 0.330364 0.227513 0.350541 0.224815 0.368476 0.208628 0.384169 0.181649 0.404346 0.181649 0.419292 0.203232 0.434985 0.222117
1 0.330364 0.259888 0.303461 0.292262 0.271328 0.321939 0.227237 0.357012 0.192115 0.330033 0.168201 0.311148 0.14354 0.316543 0.115143 0.335429 0.088241 0.332731 0.092724 0.421761 0.119627 0.429855 0.149519 0.443344 0.173432 0.459532 0.195851 0.473021 0.221259 0.491906 0.250404 0.524281 0.296736 0.529677 0.322891 0.516187 0.346805 0.508094
3 0.331859 0.222117 0.307945 0.219419 0.284032 0.216722 0.26236 0.203232 0.251151 0.165462 0.224996 0.114202 0.196598 0.10341 0.169696 0.098014 0.151013 0.15467 0.19062 0.187045 0.221259 0.211326 0.248909 0.25719 0.261613 0.327335 0.297483 0.30845 0.329617 0.262586
9 0.168948 0.095316 0.161475 0.05215 0.145035 0.049452 0.121869 0.089921 0.112901 0.108806 0.081515 0.108806 0.067316 0.135785 0.100197 0.141181 0.126353 0.141181 0.152508 0.160066
6 0.085999 0.332731 0.072547 0.303054 0.064327 0.278773 0.038919 0.284169 0.020237 0.324637 0.009027 0.35971 0.002302 0.39748 0.006038 0.429855 0.02771 0.467625 0.058349 0.44874 0.078526 0.437949 0.094966 0.427157