0 0.507468 0.377637 0.53734 0.379747 0.571693 0.392405 0.604552 0.405063 0.637411 0.402954 0.66803 0.388186 0.692674 0.367089 0.715825 0.373418 0.730014 0.421941 0.755405 0.483122 0.760633 0.537975 0.774075 0.624473 0.780796 0.672996 0.792745 0.71519 0.791998 0.778481 0.796479 0.822785 0.796479 0.877637 0.803947 0.898734 0.808428 0.934599 0.803947 0.976793 0.814402 0.972574 0.823364 0.921941 0.82187 0.85865 0.818136 0.797468 0.811415 0.753165 0.812162 0.679325 0.804694 0.607595 0.799466 0.540084 0.788264 0.481013 0.768847 0.394515 0.756899 0.320675 0.747937 0.267932 0.764367 0.253165 0.783036 0.225738 0.793492 0.168776 0.821123 0.175105 0.845768 0.175105 0.889829 0.185654 0.918207 0.21097 0.942104 0.257384 0.965255 0.257384 0.977951 0.236287 0.958534 0.187764 0.932396 0.149789 0.898043 0.124473 0.864437 0.116034 0.822617 0.103376 0.78677 0.103376 0.771835 0.054852 0.746443 0.035865 0.722546 0.052743 0.697155 0.086498 0.67251 0.090717 0.648613 0.099156 0.620981 0.105485 0.586629 0.116034 0.55601 0.124473 0.527632 0.124473 0.493279 0.122363 0.473862 0.094937 0.455192 0.088608 0.433535 0.103376 0.412625 0.137131 0.390221 0.149789 0.361842 0.154008 0.333464 0.156118 0.307326 0.160338 0.288656 0.149789 0.267746 0.122363 0.249823 0.097046 0.216964 0.078059 0.186345 0.092827 0.152739 0.086498 0.116146 0.07173 0.096729 0.056962 0.075819 0.075949 0.052668 0.101266 0.051174 0.158228 0.076565 0.162447 0.101957 0.158228 0.135563 0.162447 0.18037 0.162447 0.212483 0.166667 0.243848 0.181435 0.262518 0.208861 0.230406 0.204641 0.193066 0.227848 0.163941 0.267932 0.137803 0.293249 0.115399 0.312236 0.102703 0.305907 0.090008 0.293249 0.075819 0.308017 0.067604 0.345992 0.051174 0.388186 0.039972 0.413502 0.076565 0.42616 0.101957 0.413502 0.121373 0.392405 0.148258 0.377637 0.18037 0.362869 0.216217 0.350211 0.246089 0.341772 0.279695 0.341772 0.32749 0.350211 0.364083 0.377637 0.405903 0.379747 0.435775 0.371308 0.451458 0.383966 0.467141 0.367089 0.484317 0.362869
8 0.791998 0.160338 0.788264 0.122363 0.78229 0.080169 0.768847 0.054852 0.742709 0.052743 0.721052 0.088608 0.703129 0.116034 0.703129 0.170886 0.712837 0.187764 0.725533 0.221519 0.736735 0.255274 0.748684 0.272152 0.76586 0.257384 0.78229 0.232068
5 0.797226 0.168776 0.820376 0.166667 0.851742 0.170886 0.877133 0.177215 0.906258 0.194093 0.916713 0.149789 0.892069 0.124473 0.871159 0.120253 0.84278 0.109705 0.818883 0.103376 0.785277 0.103376
4 0.907005 0.200422 0.923435 0.208861 0.940611 0.229958 0.960774 0.246835 0.974964 0.227848 0.959281 0.183544 0.940611 0.160338 0.913726 0.14557
10 0.720305 0.383966 0.734495 0.42827 0.754658 0.478903 0.767354 0.552743 0.778556 0.622363 0.783783 0.672996 0.791998 0.729958 0.809174 0.721519 0.809921 0.670886 0.806187 0.607595 0.80096 0.533755 0.764367 0.386076 0.748684 0.335443 0.744203 0.280591 0.727027 0.236287 0.711344 0.206751 0.693421 0.263713 0.696408 0.324895 0.712837 0.350211
2 0.792745 0.742616 0.792745 0.78692 0.794238 0.816456 0.793492 0.877637 0.802453 0.900844 0.80544 0.943038 0.802453 0.978903 0.817389 0.972574 0.82187 0.913502 0.822617 0.841772 0.817389 0.78481 0.809921 0.751055 0.812162 0.71097
7 0.502987 0.128692 0.493279 0.362869 0.47909 0.35443 0.46042 0.352321 0.44175 0.364979 0.421586 0.373418 0.396195 0.149789 0.410384 0.139241 0.420839 0.118143 0.436522 0.094937 0.458179 0.080169 0.473862 0.090717 0.487304 0.109705
1 0.393208 0.168776 0.355868 0.191983 0.314047 0.21097 0.284175 0.21097 0.255797 0.21097 0.223685 0.21097 0.19456 0.234177 0.166928 0.265823 0.124361 0.310127 0.131829 0.386076 0.1617 0.364979 0.208002 0.341772 0.245342 0.333333 0.281188 0.337553 0.323009 0.339662 0.354374 0.35654 0.383499 0.367089 0.417852 0.367089
6 0.123614 0.316456 0.105691 0.303797 0.091501 0.295359 0.072831 0.310127 0.067604 0.35443 0.051921 0.381857 0.040719 0.409283 0.080299 0.432489 0.104197 0.419831 0.125107 0.394515 0.137803 0.388186
3 0.389474 0.149789 0.361096 0.151899 0.332717 0.162447 0.302845 0.166667 0.281935 0.156118 0.264759 0.122363 0.246835 0.107595 0.23414 0.086498 0.197547 0.088608 0.167675 0.090717 0.128095 0.080169 0.125854 0.154008 0.146764 0.160338 0.169168 0.164557 0.1968 0.162447 0.230406 0.172996 0.262518 0.202532 0.287909 0.21308 0.312554 0.21519 0.34616 0.202532 0.371551 0.185654 0.392461 0.177215
9 0.129588 0.084388 0.114652 0.06962 0.093742 0.059072 0.070591 0.080169 0.053415 0.103376 0.043706 0.14346 0.067604 0.156118 0.087021 0.162447 0.107931 0.160338 0.127348 0.149789