0 0.489546 0.264329 0.51568 0.233692 0.543307 0.217195 0.569441 0.224265 0.599309 0.266686 0.621709 0.302036 0.638136 0.32089 0.662776 0.332673 0.688164 0.368024 0.712804 0.386878 0.744911 0.403375 0.779259 0.403375 0.801659 0.389235 0.832273 0.379808 0.865127 0.370381 0.892008 0.33503 0.904701 0.309106 0.921128 0.31382 0.926355 0.360954 0.939795 0.412802 0.964436 0.431655 0.979369 0.481146 0.986836 0.554204 0.983103 0.589555 0.957715 0.551848 0.942782 0.535351 0.911421 0.49293 0.880807 0.502357 0.862887 0.523567 0.896488 0.549491 0.915901 0.537707 0.931582 0.563631 0.938302 0.613122 0.953235 0.653186 0.970409 0.709747 0.976382 0.775735 0.971902 0.884144 0.948755 0.83701 0.934568 0.768665 0.914408 0.709747 0.859154 0.66497 0.821073 0.598982 0.790459 0.577771 0.762832 0.594268 0.736698 0.603695 0.704591 0.615479 0.672483 0.617836 0.631416 0.624906 0.600055 0.615479 0.569441 0.596625 0.538827 0.554204 0.512694 0.547134 0.48432 0.549491 0.448479 0.547134 0.419358 0.551848 0.388745 0.525924 0.366344 0.497643 0.358131 0.476433 0.34245 0.547134 0.325277 0.601339 0.314823 0.669683 0.31557 0.756882 0.299889 0.808729 0.296156 0.879431 0.299889 0.947775 0.275996 0.874717 0.262555 0.801659 0.270022 0.738028 0.276742 0.667327 0.292423 0.565988 0.305116 0.450509 0.309596 0.386878 0.284209 0.410445 0.253595 0.417515 0.222235 0.412802 0.188634 0.412802 0.161754 0.377451 0.129646 0.356241 0.104259 0.32796 0.077379 0.323247 0.047511 0.278469 0.022124 0.226621 0.024364 0.203054 0.052738 0.233692 0.080365 0.245475 0.120686 0.238405 0.15578 0.250189 0.188634 0.266686 0.221488 0.280826 0.229701 0.276112 0.233435 0.214838 0.250609 0.17006 0.273756 0.165347 0.295409 0.198341 0.32229 0.158277 0.348424 0.153563 0.382771 0.165347 0.429065 0.186557 0.457439 0.236048
8 0.293169 0.191271 0.270022 0.160633 0.246128 0.167704 0.230448 0.236048 0.239408 0.297323 0.249862 0.344457 0.270022 0.368024 0.289436 0.31382
10 0.301383 0.299679 0.319303 0.372738 0.30661 0.464649 0.293916 0.568345 0.282716 0.643759 0.312583 0.690894 0.32005 0.608409 0.34021 0.51414 0.355144 0.434012 0.372318 0.33503 0.361117 0.276112 0.341704 0.200698 0.32005 0.191271 0.292423 0.231335
2 0.279729 0.667327 0.268529 0.752168 0.268529 0.799302 0.276742 0.862934 0.293169 0.902998 0.295409 0.841723 0.293169 0.754525 0.309596 0.705034
5 0.225968 0.280826 0.194607 0.269042 0.156527 0.245475 0.085592 0.250189 0.087085 0.318533 0.128153 0.309106 0.161007 0.346814 0.190874 0.372738 0.245382 0.384521 0.264795 0.368024
4 0.079619 0.254902 0.051245 0.231335 0.025111 0.212481 0.049005 0.280826 0.085592 0.325603
7 0.482826 0.290253 0.476853 0.377451 0.47984 0.438725 0.494027 0.535351 0.526881 0.547134 0.555254 0.575415 0.574668 0.591912 0.588108 0.551848 0.601549 0.457579 0.607522 0.398661 0.617229 0.304393 0.599309 0.266686 0.570188 0.219551 0.544054 0.217195 0.516427 0.233692
1 0.591095 0.594268 0.630669 0.596625 0.661283 0.591912 0.701604 0.584842 0.731471 0.561275 0.765818 0.547134 0.802406 0.563631 0.83302 0.613122 0.874834 0.66497 0.903208 0.688537 0.901714 0.582485 0.860647 0.544778 0.823313 0.467006 0.791952 0.434012 0.758352 0.410445 0.731471 0.403375 0.702351 0.382164 0.674723 0.346814 0.64859 0.32796 0.617976 0.297323 0.610509 0.391591 0.601549 0.459936 0.588855 0.551848 0.573175 0.603695
6 0.906194 0.68618 0.932328 0.730958 0.945022 0.806373 0.963689 0.85115 0.974889 0.82287 0.968916 0.728601 0.953982 0.653186 0.936062 0.610765 0.928595 0.565988 0.902461 0.537707 0.906194 0.620192
3 0.760592 0.403375 0.797926 0.391591 0.836006 0.382164 0.873341 0.368024 0.879314 0.48586 0.854673 0.52121 0.823313 0.467006 0.790459 0.443439
9 0.877821 0.360954 0.894994 0.33503 0.909181 0.311463 0.924115 0.323247 0.929342 0.389235 0.945769 0.431655 0.965929 0.452866 0.983103 0.5 0.955475 0.51414 0.932328 0.51414 0.908435 0.48586 0.880807 0.490573