0 0.496723 0.681197 0.526212 0.689076 0.55652 0.69958 0.59502 0.68645 0.627785 0.657563 0.657274 0.631303 0.696592 0.615546 0.750655 0.591912 0.788336 0.591912 0.826835 0.649685 0.86943 0.702206 0.899738 0.757353 0.929227 0.809874 0.970183 0.854517 0.978375 0.783613 0.95462 0.715336 0.938237 0.670693 0.91694 0.584034 0.913663 0.505252 0.896461 0.494748 0.884174 0.502626 0.854685 0.473739 0.825197 0.460609 0.797346 0.460609 0.750655 0.468487 0.716252 0.473739 0.676933 0.460609 0.649083 0.410714 0.612221 0.366071 0.57536 0.339811 0.542595 0.326681 0.499181 0.331933 0.503277 0.292542 0.506553 0.158613 0.491809 0.111345 0.460682 0.095588 0.441022 0.098214 0.407438 0.090336 0.381225 0.106092 0.362385 0.179622 0.346822 0.237395 0.32962 0.237395 0.31979 0.1875 0.294397 0.163866 0.271461 0.17437 0.250983 0.27416 0.256717 0.366071 0.220675 0.297794 0.173984 0.250525 0.129751 0.203256 0.106815 0.140231 0.057667 0.113971 0.037189 0.132353 0.043742 0.158613 0.067497 0.182248 0.09289 0.216387 0.112549 0.258403 0.133847 0.284664 0.158421 0.324055 0.189548 0.379202 0.240334 0.452731 0.257536 0.48687 0.286206 0.542017 0.299312 0.542017 0.336992 0.576155 0.386959 0.633929 0.413991 0.644433 0.441022 0.647059 0.454948 0.675945 0.461501 0.741597 0.466415 0.775735 0.473788 0.744223 0.474607 0.691702 0.486075 0.670693
8 0.333716 0.279412 0.326343 0.216387 0.31078 0.17437 0.293578 0.166492 0.269823 0.20063 0.258355 0.255777 0.255079 0.337185 0.274738 0.415966 0.309142 0.460609 0.33945 0.426471 0.346003 0.368697
5 0.256717 0.37395 0.236239 0.334559 0.210845 0.295168 0.192824 0.271534 0.164974 0.224265 0.129751 0.20063 0.115826 0.266282 0.135485 0.28729 0.162516 0.331933 0.188729 0.371324 0.214122 0.410714 0.245249 0.460609 0.276376 0.502626 0.303408 0.531513 0.321429 0.51313 0.321429 0.484244 0.282929 0.426471
4 0.128932 0.198004 0.119102 0.166492 0.105177 0.142857 0.075688 0.129727 0.052752 0.119223 0.039646 0.145483 0.058486 0.166492 0.078965 0.20063 0.100262 0.237395 0.116645 0.266282
10 0.343545 0.250525 0.357471 0.195378 0.374672 0.140231 0.410714 0.113971 0.453309 0.140231 0.482798 0.1875 0.49099 0.276786 0.48116 0.366071 0.477064 0.468487 0.450033 0.457983 0.453309 0.392332 0.464777 0.305672 0.456586 0.234769 0.411533 0.261029 0.389417 0.276786 0.35829 0.297794
2 0.447575 0.473739 0.445937 0.552521 0.444299 0.636555 0.455767 0.678571 0.463958 0.757353 0.472969 0.738971 0.476245 0.691702 0.475426 0.610294 0.477883 0.528887 0.477883 0.476366
7 0.516383 0.334559 0.498362 0.665441 0.522936 0.678571 0.552425 0.689076 0.580275 0.678571 0.614679 0.641807 0.644987 0.418592 0.615498 0.384454 0.599934 0.355567 0.579456 0.347689 0.563893 0.345063 0.543414 0.326681
1 0.617136 0.570903 0.627785 0.594538 0.658912 0.61292 0.685944 0.602416 0.715433 0.581408 0.738368 0.568277 0.775229 0.568277 0.803899 0.610294 0.857143 0.68645 0.887451 0.702206 0.881717 0.58666 0.839941 0.576155 0.791612 0.539391 0.753932 0.48687 0.706422 0.468487 0.650721 0.450105 0.61386 0.397584 0.609764 0.476366 0.595839 0.528887
6 0.886632 0.715336 0.90711 0.757353 0.941514 0.807248 0.969364 0.836134 0.977556 0.765231 0.952982 0.707458 0.923493 0.689076 0.90711 0.665441 0.884174 0.597164
9 0.749836 0.476366 0.777687 0.531513 0.810452 0.549895 0.839122 0.552521 0.876802 0.563025 0.904653 0.623424 0.915301 0.584034 0.904653 0.494748 0.880079 0.492122 0.853866 0.481618 0.837484 0.465861 0.808814 0.468487
3 0.552425 0.68645 0.573722 0.683824 0.600754 0.678571 0.631062 0.662815 0.666284 0.636555 0.696592 0.615546 0.672837 0.610294 0.644987 0.602416 0.62287 0.581408 0.597477 0.549895 0.593381 0.578782 0.581913 0.62605 0.567169 0.657563