0 0.449622 0.471479 0.48691 0.491851 0.526577 0.485739 0.547204 0.485739 0.571005 0.518335 0.605119 0.530559 0.643993 0.555006 0.6789 0.550931 0.708254 0.542782 0.736021 0.548894 0.754268 0.538708 0.809009 0.569266 0.84947 0.599825 0.897071 0.658905 0.931978 0.717985 0.965299 0.768916 0.986719 0.793363 0.987513 0.762804 0.964506 0.730208 0.944672 0.671128 0.936738 0.614085 0.933565 0.577415 0.918491 0.569266 0.899451 0.575378 0.874857 0.55908 0.84709 0.528521 0.829636 0.493888 0.807423 0.461292 0.786796 0.444994 0.806629 0.402212 0.827256 0.357393 0.851057 0.308499 0.878824 0.26368 0.901038 0.237196 0.924045 0.196451 0.954192 0.151632 0.951812 0.135334 0.939912 0.119036 0.908178 0.116999 0.887551 0.100701 0.886757 0.139408 0.874857 0.178116 0.852643 0.194414 0.824876 0.233121 0.793142 0.26368 0.759028 0.330909 0.744748 0.367579 0.69794 0.339058 0.660653 0.302388 0.618606 0.282015 0.602739 0.247382 0.586872 0.198488 0.560691 0.172004 0.533717 0.198488 0.487703 0.231084 0.457556 0.222935 0.437722 0.184228 0.394881 0.14552 0.35204 0.114961 0.329033 0.112924 0.3092 0.10885 0.294126 0.072179 0.268739 0.070142 0.248905 0.100701 0.227485 0.131259 0.217171 0.155706 0.211618 0.169967 0.17195 0.178116 0.14101 0.178116 0.111656 0.178116 0.065642 0.180153 0.031528 0.216824 0.015661 0.253494 0.028354 0.30035 0.048981 0.28609 0.050568 0.30035 0.047395 0.328872 0.052155 0.332946 0.069608 0.304425 0.085475 0.273866 0.091822 0.257568 0.115623 0.269792 0.14101 0.284052 0.163224 0.302388 0.187817 0.308499 0.216378 0.302388 0.227485 0.334983 0.245732 0.347207 0.264772 0.38184 0.270326 0.365542 0.283019 0.365542 0.307613 0.35943 0.303646 0.334983 0.317133 0.337021 0.334587 0.365542 0.361561 0.41851 0.378221 0.455181 0.377428 0.548894 0.379014 0.61816 0.378221 0.717985 0.369494 0.797437 0.370288 0.844294 0.380601 0.868741 0.382188 0.905411 0.390915 0.925783 0.393295 0.874852 0.394881 0.819847 0.401228 0.791325 0.402815 0.738357 0.402021 0.693538 0.415508 0.591676 0.420268 0.514261 0.428995 0.455181
8 0.308406 0.106813 0.288573 0.074217 0.266359 0.078291 0.249699 0.100701 0.225105 0.133297 0.210824 0.174041 0.210824 0.22701 0.213204 0.271829 0.220345 0.314611 0.233832 0.343132 0.251285 0.35943 0.266359 0.387952 0.273499 0.369617 0.286986 0.369617 0.306026 0.361468 0.310786 0.334983 0.301266 0.279978 0.301266 0.22701 0.310786 0.16793
10 0.325067 0.339058 0.345694 0.369617 0.367114 0.383877 0.381394 0.41851 0.381394 0.483702 0.381394 0.593713 0.379014 0.679277 0.377428 0.715948 0.399641 0.717985 0.405988 0.669091 0.416302 0.599825 0.421855 0.485739 0.428995 0.394063 0.402021 0.318686 0.375841 0.231084 0.33776 0.172004 0.3092 0.190339 0.302853 0.249419 0.3092 0.312574
2 0.379014 0.722059 0.368701 0.799474 0.369494 0.842256 0.379808 0.866703 0.383774 0.907448 0.392501 0.925783 0.394881 0.870778 0.394881 0.819847 0.401228 0.7954 0.401228 0.720022
5 0.214791 0.306462 0.187817 0.308499 0.16005 0.302388 0.140216 0.279978 0.113243 0.269792 0.095789 0.255531 0.096582 0.202563 0.128316 0.188302 0.15291 0.194414 0.17671 0.194414 0.202891 0.180153 0.213204 0.180153 0.211618 0.233121 0.213998 0.284052
4 0.091029 0.198488 0.068022 0.184228 0.041841 0.206637 0.030734 0.235159 0.015661 0.251457 0.023594 0.288127 0.034701 0.290164 0.049775 0.294239 0.049775 0.330909 0.057708 0.332946 0.068022 0.312574 0.083889 0.284052 0.094202 0.257568
7 0.506743 0.243308 0.488496 0.290164 0.480563 0.365542 0.480563 0.434808 0.48453 0.487777 0.505157 0.497963 0.533717 0.483702 0.563071 0.489814 0.582905 0.520372 0.592425 0.483702 0.597185 0.438883 0.603532 0.35943 0.607499 0.30035 0.597185 0.261643 0.575765 0.22701 0.552758 0.208675 0.528164 0.229047
1 0.598772 0.47759 0.624952 0.487777 0.6551 0.504074 0.686834 0.524447 0.709047 0.542782 0.731261 0.550931 0.756648 0.532596 0.767755 0.493888 0.795522 0.432771 0.828843 0.369617 0.858197 0.308499 0.878824 0.261643 0.853437 0.196451 0.826463 0.237196 0.789176 0.269792 0.758235 0.326835 0.742368 0.361468 0.715394 0.357393 0.690007 0.334983 0.660653 0.310537 0.632093 0.304425 0.609879 0.288127 0.602739 0.363505
6 0.881204 0.26368 0.906591 0.245345 0.926425 0.194414 0.941498 0.172004 0.945465 0.133297 0.926425 0.116999 0.901038 0.112924 0.889137 0.114961 0.881204 0.161818 0.85899 0.186265 0.85423 0.2046
3 0.758235 0.538708 0.805836 0.571303 0.855023 0.603899 0.896278 0.660942 0.897864 0.575378 0.870097 0.555006 0.847883 0.524447 0.829636 0.489814 0.801076 0.459255 0.782829 0.44092
9 0.899451 0.660942 0.931185 0.722059 0.967679 0.775028 0.991479 0.797437 0.989099 0.770953 0.962126 0.732245 0.943085 0.662979 0.938325 0.61816 0.933565 0.58149 0.917698 0.569266 0.893104 0.577415