0 0.594071 0.303201 0.647258 0.351308 0.676631 0.364428 0.702828 0.355681 0.723468 0.309761 0.751252 0.248535 0.790945 0.222295 0.808409 0.180749 0.842545 0.189495 0.829049 0.255095 0.80444 0.287895 0.780625 0.353494 0.76316 0.399414 0.79412 0.423467 0.821905 0.46064 0.846514 0.51312 0.875886 0.534986 0.915578 0.55904 0.951302 0.635572 0.987025 0.753652 0.985437 0.801758 0.961622 0.838931 0.937806 0.788638 0.929074 0.716479 0.899702 0.692425 0.853658 0.611519 0.811585 0.5656 0.776655 0.548106 0.724262 0.502187 0.709178 0.543733 0.689332 0.589653 0.657578 0.602773 0.630588 0.609333 0.590102 0.611519 0.554378 0.587466 0.505954 0.550293 0.474994 0.528426 0.449591 0.543733 0.423394 0.53936 0.379732 0.515307 0.384495 0.550293 0.363855 0.666186 0.349566 0.747092 0.340834 0.806131 0.335277 0.876104 0.332102 0.97013 0.317812 0.97013 0.312255 0.893597 0.320988 0.784265 0.337658 0.655252 0.343215 0.556853 0.317018 0.465014 0.291615 0.416907 0.270975 0.360054 0.259862 0.384107 0.237634 0.414721 0.220169 0.399414 0.203498 0.373174 0.186828 0.333814 0.182858 0.311948 0.15428 0.336001 0.132052 0.340374 0.105855 0.336001 0.083628 0.340374 0.065369 0.364428 0.049492 0.384107 0.034409 0.395041 0.022502 0.364428 0.04076 0.311948 0.065369 0.283521 0.089185 0.279148 0.118557 0.268215 0.136022 0.252908 0.1646 0.263842 0.183652 0.255095 0.192385 0.213548 0.214612 0.172002 0.251923 0.185122 0.261449 0.222295 0.269388 0.255095 0.301935 0.213548 0.334483 0.189495 0.370206 0.211362 0.39164 0.255095 0.416249 0.261655 0.448797 0.261655 0.479757 0.237602 0.509923 0.224482 0.538502 0.250722 0.558348 0.294455
8 0.270182 0.362241 0.252717 0.395041 0.232077 0.410347 0.20588 0.375361 0.18524 0.336001 0.190003 0.255095 0.209849 0.200429 0.244778 0.193869 0.263831 0.250722
5 0.334483 0.5 0.345597 0.554666 0.337658 0.626826 0.32972 0.707732 0.344009 0.773332 0.357505 0.703359 0.367031 0.646506 0.384495 0.556853 0.379732 0.51968 0.347185 0.504373
4 0.328926 0.720852 0.317812 0.788638 0.312255 0.889224 0.317812 0.965757 0.337658 0.974504 0.332895 0.871731 0.341628 0.795198 0.345597 0.766772 0.32972 0.698985
10 0.186034 0.250722 0.152692 0.255095 0.130465 0.250722 0.109825 0.268215 0.088391 0.274775 0.082834 0.336001 0.108237 0.346934 0.128877 0.346934 0.157455 0.333814 0.2162 0.309761 0.244778 0.309761 0.259862 0.344748 0.256686 0.233228 0.220963 0.226668
2 0.083628 0.279148 0.062194 0.281335 0.043142 0.314135 0.027265 0.360054 0.043142 0.395041 0.063782 0.373174 0.087597 0.336001
7 0.417837 0.263842 0.400372 0.370987 0.409105 0.458454 0.423394 0.53936 0.450385 0.548106 0.488489 0.53936 0.511511 0.561226 0.532151 0.5 0.551203 0.412534 0.557554 0.325068 0.540883 0.279148 0.521831 0.241975 0.493252 0.237602 0.468643 0.263842 0.444034 0.274775
1 0.564698 0.316321 0.609154 0.318508 0.655991 0.355681 0.702034 0.368801 0.736169 0.377547 0.77348 0.397227 0.817142 0.465014 0.834606 0.508747 0.879062 0.548106 0.869535 0.642132 0.815554 0.57216 0.775862 0.548106 0.721086 0.497813 0.664723 0.504373 0.602009 0.521867 0.553585 0.510933 0.533738 0.504373 0.554378 0.401601
6 0.872711 0.639946 0.902083 0.698985 0.933043 0.714292 0.948126 0.784265 0.949714 0.823625 0.967972 0.836745 0.985437 0.797385 0.986231 0.758025 0.948126 0.626826 0.917166 0.567786 0.886206 0.543733 0.879062 0.53936
3 0.722674 0.50656 0.705209 0.550293 0.688538 0.587466 0.656785 0.604959 0.629 0.609333 0.589308 0.613706 0.55676 0.591839 0.511511 0.563413 0.532151 0.504373 0.551203 0.50656 0.605978 0.524053 0.664723 0.504373
9 0.768717 0.379734 0.787769 0.331628 0.816348 0.274775 0.837782 0.237602 0.844926 0.187309 0.810791 0.185122 0.785388 0.220108 0.756015 0.252908 0.740932 0.259468 0.72188 0.316321 0.699652 0.351308 0.738551 0.381921