0 0.5077817824377457 0.4724264705882353 0.9411861074705111 0.7641806722689075
1 0.3005406290956751 0.3135504201680673 0.09092398427260812 0.29411764705882354
9 0.21862712975098303 0.3660714285714286 0.20560288335517693 0.33088235294117646
5 0.08428899082568814 0.1927521008403362 0.08928571428571426 0.14705882352941177
7 0.4172673656618611 0.2912289915966386 0.1474442988204456 0.35451680672268904
3 0.4610910878112713 0.6155462184873949 0.033584534731323716 0.28361344537815114
2 0.5716743119266054 0.5078781512605042 0.14662516382699853 0.3623949579831932
8 0.7416448230668413 0.5498949579831932 0.29161205766710346 0.3046218487394957
4 0.9308650065530798 0.7166491596638656 0.09338138925294891 0.23897058823529413
6 0.8325688073394495 0.5446428571428571 0.1654652686762779 0.15756302521008414
10 0.6245085190039318 0.618172268907563 0.1441677588466578 0.13655462184873937