0 0.5015866971312516 0.4979627592388869 0.971851992891597 0.8556411196675222
1 0.2608054074638233 0.23108421953306443 0.09996191926885 0.31373507721142485
7 0.36592409240924095 0.444994499449945 0.12614242193450112 0.5459805239783238
3 0.38496445798426 0.822902660636434 0.03252729119065752 0.205761316872428
9 0.15529004823559278 0.2443262844802999 0.11900228484386897 0.12834616795012832
5 0.05493145468392994 0.2585869698080919 0.07854150799695354 0.14871857556125986
2 0.5440308453922316 0.3645234893859757 0.12693577050012686 0.3116978364503116
8 0.7387979182533638 0.37369107281098485 0.280052043665905 0.3544798924336878
4 0.8998476770753998 0.18830216354968835 0.09123508504696623 0.15075581632237298
10 0.8280496318862655 0.5509310190278288 0.13962934755013962 0.22002200220022
6 0.9422918253363798 0.6833516685001834 0.09837522213759851 0.2281709652446727