0 0.4973695286195287 0.5238095238095238 0.9627525252525252 0.8703703703703703
1 0.9073472823472826 0.18783068783068782 0.13828763828763824 0.18783068783068785
7 0.7164502164502164 0.22089947089947087 0.21945646945646952 0.2195767195767196
3 0.5841750841750841 0.32407407407407407 0.08116883116883113 0.09788359788359785
9 0.7739448051948052 0.5191798941798942 0.08041726791726783 0.33994708994708994
5 0.7397486772486772 0.7427248677248677 0.05862193362193369 0.09656084656084658
2 0.5826719576719577 0.2824074074074074 0.1488095238095238 0.2447089947089947
8 0.42296476671476674 0.5443121693121692 0.28333934583934584 0.451058201058201
4 0.227934102934103 0.8273809523809524 0.13678451178451176 0.27116402116402116
10 0.3297709235209236 0.3723544973544973 0.34196127946127935 0.19444444444444442
6 0.09603475228475235 0.28108465608465605 0.15256734006734005 0.11772486772486772