0 0.4902296777296777 0.494581003164694 0.9785353535353535 0.9082238695972601
1 0.7450096200096199 0.3894524645597607 0.08116883116883103 0.2601118480946808
7 0.6251352813852813 0.46423462088698136 0.1585798460798461 0.47470412277279217
3 0.5725258537758537 0.8208046126501061 0.04283910533910529 0.23843586075345727
9 0.8021284271284271 0.5487709715177526 0.2014189514189514 0.11488273290848389
5 0.9419191919191918 0.563944162656609 0.08116883116883111 0.09320674556726062
2 0.43762025012025013 0.3937876620280053 0.13227513227513232 0.39450296961026565
8 0.24747474747474746 0.21387696709585113 0.3051346801346801 0.30346382277712747
4 0.0513167388167388 0.1054970303897342 0.0886844636844637 0.08236875189664891
10 0.22417628667628667 0.4273854424069015 0.31715969215969214 0.3273074088524732
6 0.03854016354016352 0.23121775696882987 0.07515632515632517 0.16907270126154245