0 0.5 0.5029485478401886 0.9932313675629184 0.9199469261388765
1 0.7527953330092366 0.208093763821318 0.07778317938745741 0.33023735810113514
7 0.8257170636849782 0.2552705292643373 0.2236266407389402 0.19460415745245463
3 0.9633334579858643 0.2125165855816011 0.06357279084551812 0.20344980097302082
9 0.5403874200665645 0.6149933657673595 0.03141243782955011 0.18870706177207722
5 0.5239332859653715 0.8184431667403804 0.03290826820238584 0.29485478401887066
2 0.4869114842376875 0.3599439775910364 0.1608017650798399 0.3980539584254754
8 0.27188586814255267 0.4410290431962259 0.33506600351520144 0.34792864514226757
4 0.057608167233835675 0.5869821612855668 0.1054560412849183 0.2860091404983045
10 0.2116786956359149 0.3422526905499042 0.17127257768969 0.13858174848886928
6 0.0953778841479376 0.24052779006339378 0.1002206349799933 0.22998673153471913