0 0.514172335600907 0.4956651407962269 0.9471844293272863 0.9519350811485642
1 0.697231670445956 0.1384727424053267 0.12755102040816313 0.2202108475516716
3 0.7157344419249181 0.8112428908309058 0.07322373393801963 0.3069080316271327
7 0.65904509952129 0.4237064780135942 0.12676366843033504 0.5271188791788043
5 0.9291068279163516 0.12113330559023444 0.08897077349458292 0.08149535303093358
9 0.8232079868984631 0.14107365792759052 0.1385739480977577 0.09363295880149809
2 0.3645754598135551 0.3508808433902067 0.12518896447467875 0.2843667637675128
8 0.19568846056941303 0.4219725343320849 0.23620559334845045 0.2288805659592176
4 0.06538170823885114 0.5502843667637675 0.051177878558830936 0.18379803023997773
6 0.0842781557067272 0.25464696906644474 0.09054547745023935 0.09883478984602574
10 0.1756109851347947 0.30233042030794843 0.12361426051902244 0.1664585934248856