0 0.5047630766299646 0.5710662118429108 0.9645230175678141 0.7981282253126913
1 0.22771078598702857 0.30210793317589435 0.08494153323436718 0.21647861453686698
9 0.3571077011010646 0.6366657920055978 0.054775381244591935 0.2733315840111955
5 0.32892616437377453 0.8367445115017931 0.03334153640975162 0.2755182366832851
7 0.1713477125324485 0.28680136447126736 0.17702768141368116 0.12026589696492614
3 0.05743079646579716 0.33709437592932745 0.06033230397955053 0.11589259162074696
2 0.47896307821765677 0.39941397708388005 0.15718152878882902 0.3236245954692557
8 0.7063999872984623 0.479226799615149 0.3453230556724273 0.3258112481413452
4 0.9294707428018004 0.6880521297997025 0.1135199930141542 0.2973847634041809
10 0.6170923004866277 0.5590396221464182 0.2111630639284269 0.1093326336044782
6 0.7722892140129713 0.283521385463133 0.14527383721391757 0.1967987404880608