0 0.5138326030715856 0.502156706278172 0.9249151351108852 0.8195483857053507
1 0.7616978959489166 0.2163931244203852 0.08374332670365339 0.2480212219897773
9 0.863760075368994 0.18188582396963357 0.1368306141675764 0.1272456704121466
5 0.9433910065648785 0.2606056031229107 0.056825828834621936 0.12508896413397463
7 0.8046911217119529 0.5496042443979554 0.19664727609875726 0.47447538119783467
3 0.8974069477052833 0.8655617141501499 0.03514228888456876 0.17469320853193002
2 0.46037146147059266 0.25090042487113684 0.11066082457268468 0.2954687601095607
8 0.2854077253218884 0.3317769103025859 0.31553289168697946 0.23723769059891736
10 0.27680908016928113 0.21100135872495526 0.2848768524472492 0.16822308969741412
6 0.09548982369038898 0.1905126490823215 0.08075249360709424 0.10567860763042683
4 0.10147148988350707 0.29079949101731833 0.058321245382901385 0.1423426143593504